rows: 50
cols: 50

Edges:
(0, 0) <-> (0, 1) [8]
(0, 1) <-> (1, 1) [1]
(0, 2) <-> (0, 3) [9]
(0, 2) <-> (1, 2) [5]
(0, 3) <-> (0, 4) [5]
(0, 4) <-> (0, 5) [7]
(0, 4) <-> (1, 4) [4]
(0, 5) <-> (0, 6) [8]
(0, 5) <-> (1, 5) [1]
(0, 6) <-> (0, 7) [6]
(0, 7) <-> (0, 8) [3]
(0, 8) <-> (1, 8) [9]
(0, 9) <-> (0, 10) [2]
(0, 9) <-> (1, 9) [2]
(0, 10) <-> (0, 11) [9]
(0, 10) <-> (1, 10) [9]
(0, 11) <-> (0, 12) [1]
(0, 12) <-> (0, 13) [8]
(0, 13) <-> (1, 13) [7]
(0, 14) <-> (0, 15) [6]
(0, 14) <-> (1, 14) [3]
(0, 15) <-> (0, 16) [10]
(0, 16) <-> (0, 17) [5]
(0, 16) <-> (1, 16) [10]
(0, 17) <-> (0, 18) [2]
(0, 18) <-> (1, 18) [1]
(0, 19) <-> (0, 20) [8]
(0, 19) <-> (1, 19) [8]
(0, 20) <-> (0, 21) [3]
(0, 21) <-> (0, 22) [2]
(0, 21) <-> (1, 21) [3]
(0, 22) <-> (0, 23) [4]
(0, 23) <-> (0, 24) [8]
(0, 24) <-> (0, 25) [8]
(0, 25) <-> (0, 26) [5]
(0, 25) <-> (1, 25) [8]
(0, 26) <-> (0, 27) [2]
(0, 26) <-> (1, 26) [1]
(0, 27) <-> (0, 28) [6]
(0, 27) <-> (1, 27) [5]
(0, 28) <-> (0, 29) [2]
(0, 29) <-> (0, 30) [5]
(0, 29) <-> (1, 29) [6]
(0, 30) <-> (0, 31) [1]
(0, 30) <-> (1, 30) [10]
(0, 31) <-> (0, 32) [2]
(0, 31) <-> (1, 31) [4]
(0, 32) <-> (1, 32) [8]
(0, 33) <-> (0, 34) [3]
(0, 34) <-> (0, 35) [4]
(0, 35) <-> (0, 36) [8]
(0, 36) <-> (0, 37) [8]
(0, 37) <-> (0, 38) [1]
(0, 37) <-> (1, 37) [3]
(0, 38) <-> (0, 39) [4]
(0, 38) <-> (1, 38) [10]
(0, 39) <-> (0, 40) [5]
(0, 39) <-> (1, 39) [3]
(0, 40) <-> (0, 41) [4]
(0, 41) <-> (0, 42) [1]
(0, 42) <-> (0, 43) [10]
(0, 43) <-> (1, 43) [7]
(0, 44) <-> (0, 45) [2]
(0, 44) <-> (1, 44) [8]
(0, 45) <-> (0, 46) [8]
(0, 45) <-> (1, 45) [10]
(0, 46) <-> (0, 47) [1]
(0, 47) <-> (0, 48) [1]
(0, 48) <-> (1, 48) [2]
(0, 49) <-> (1, 49) [4]
(1, 0) <-> (1, 1) [10]
(1, 0) <-> (2, 0) [10]
(1, 1) <-> (2, 1) [6]
(1, 2) <-> (2, 2) [3]
(1, 3) <-> (1, 4) [7]
(1, 3) <-> (2, 3) [10]
(1, 5) <-> (1, 6) [2]
(1, 6) <-> (1, 7) [5]
(1, 7) <-> (2, 7) [4]
(1, 8) <-> (2, 8) [7]
(1, 9) <-> (2, 9) [9]
(1, 10) <-> (1, 11) [10]
(1, 10) <-> (2, 10) [10]
(1, 11) <-> (1, 12) [2]
(1, 11) <-> (2, 11) [1]
(1, 12) <-> (1, 13) [3]
(1, 12) <-> (2, 12) [2]
(1, 13) <-> (2, 13) [6]
(1, 14) <-> (2, 14) [2]
(1, 15) <-> (1, 16) [2]
(1, 15) <-> (2, 15) [7]
(1, 17) <-> (1, 18) [3]
(1, 17) <-> (2, 17) [7]
(1, 18) <-> (2, 18) [7]
(1, 19) <-> (1, 20) [10]
(1, 20) <-> (1, 21) [3]
(1, 20) <-> (2, 20) [10]
(1, 21) <-> (1, 22) [7]
(1, 21) <-> (2, 21) [9]
(1, 22) <-> (1, 23) [5]
(1, 22) <-> (2, 22) [1]
(1, 23) <-> (2, 23) [2]
(1, 24) <-> (1, 25) [6]
(1, 24) <-> (2, 24) [10]
(1, 25) <-> (2, 25) [4]
(1, 26) <-> (1, 27) [8]
(1, 26) <-> (2, 26) [4]
(1, 27) <-> (1, 28) [2]
(1, 28) <-> (1, 29) [6]
(1, 28) <-> (2, 28) [7]
(1, 29) <-> (1, 30) [5]
(1, 29) <-> (2, 29) [1]
(1, 30) <-> (1, 31) [6]
(1, 32) <-> (1, 33) [3]
(1, 33) <-> (1, 34) [8]
(1, 34) <-> (2, 34) [3]
(1, 35) <-> (1, 36) [3]
(1, 35) <-> (2, 35) [8]
(1, 36) <-> (1, 37) [7]
(1, 37) <-> (1, 38) [3]
(1, 38) <-> (1, 39) [6]
(1, 40) <-> (1, 41) [3]
(1, 41) <-> (1, 42) [2]
(1, 41) <-> (2, 41) [5]
(1, 43) <-> (2, 43) [5]
(1, 44) <-> (2, 44) [5]
(1, 45) <-> (2, 45) [7]
(1, 46) <-> (1, 47) [6]
(1, 46) <-> (2, 46) [1]
(1, 47) <-> (2, 47) [6]
(1, 48) <-> (1, 49) [6]
(1, 49) <-> (2, 49) [10]
(2, 0) <-> (3, 0) [8]
(2, 1) <-> (2, 2) [10]
(2, 1) <-> (3, 1) [2]
(2, 2) <-> (2, 3) [3]
(2, 3) <-> (2, 4) [2]
(2, 5) <-> (2, 6) [7]
(2, 5) <-> (3, 5) [5]
(2, 6) <-> (3, 6) [5]
(2, 7) <-> (3, 7) [2]
(2, 9) <-> (3, 9) [6]
(2, 10) <-> (3, 10) [3]
(2, 11) <-> (2, 12) [6]
(2, 11) <-> (3, 11) [5]
(2, 13) <-> (3, 13) [1]
(2, 14) <-> (3, 14) [5]
(2, 15) <-> (3, 15) [5]
(2, 16) <-> (2, 17) [2]
(2, 16) <-> (3, 16) [5]
(2, 18) <-> (2, 19) [7]
(2, 18) <-> (3, 18) [6]
(2, 20) <-> (3, 20) [2]
(2, 21) <-> (3, 21) [4]
(2, 22) <-> (3, 22) [3]
(2, 23) <-> (2, 24) [8]
(2, 23) <-> (3, 23) [2]
(2, 24) <-> (2, 25) [10]
(2, 25) <-> (2, 26) [9]
(2, 25) <-> (3, 25) [1]
(2, 26) <-> (2, 27) [9]
(2, 26) <-> (3, 26) [5]
(2, 27) <-> (2, 28) [3]
(2, 28) <-> (3, 28) [5]
(2, 29) <-> (2, 30) [9]
(2, 30) <-> (2, 31) [1]
(2, 30) <-> (3, 30) [7]
(2, 31) <-> (3, 31) [6]
(2, 32) <-> (2, 33) [7]
(2, 33) <-> (3, 33) [8]
(2, 34) <-> (2, 35) [7]
(2, 35) <-> (2, 36) [8]
(2, 36) <-> (2, 37) [7]
(2, 36) <-> (3, 36) [8]
(2, 37) <-> (2, 38) [5]
(2, 38) <-> (2, 39) [7]
(2, 39) <-> (2, 40) [9]
(2, 40) <-> (2, 41) [8]
(2, 41) <-> (2, 42) [8]
(2, 41) <-> (3, 41) [1]
(2, 42) <-> (2, 43) [7]
(2, 42) <-> (3, 42) [4]
(2, 44) <-> (2, 45) [6]
(2, 44) <-> (3, 44) [3]
(2, 45) <-> (3, 45) [8]
(2, 46) <-> (2, 47) [6]
(2, 46) <-> (3, 46) [8]
(2, 48) <-> (2, 49) [6]
(2, 48) <-> (3, 48) [1]
(3, 0) <-> (3, 1) [10]
(3, 0) <-> (4, 0) [4]
(3, 1) <-> (3, 2) [10]
(3, 1) <-> (4, 1) [7]
(3, 2) <-> (3, 3) [10]
(3, 2) <-> (4, 2) [7]
(3, 3) <-> (3, 4) [1]
(3, 3) <-> (4, 3) [6]
(3, 4) <-> (3, 5) [8]
(3, 6) <-> (4, 6) [9]
(3, 7) <-> (3, 8) [10]
(3, 8) <-> (4, 8) [10]
(3, 9) <-> (4, 9) [1]
(3, 10) <-> (3, 11) [5]
(3, 10) <-> (4, 10) [2]
(3, 11) <-> (3, 12) [6]
(3, 11) <-> (4, 11) [7]
(3, 12) <-> (3, 13) [5]
(3, 12) <-> (4, 12) [6]
(3, 13) <-> (3, 14) [8]
(3, 13) <-> (4, 13) [5]
(3, 14) <-> (4, 14) [2]
(3, 15) <-> (3, 16) [3]
(3, 15) <-> (4, 15) [1]
(3, 16) <-> (4, 16) [2]
(3, 17) <-> (3, 18) [2]
(3, 17) <-> (4, 17) [6]
(3, 18) <-> (3, 19) [7]
(3, 18) <-> (4, 18) [6]
(3, 19) <-> (3, 20) [2]
(3, 19) <-> (4, 19) [8]
(3, 21) <-> (4, 21) [7]
(3, 22) <-> (4, 22) [7]
(3, 23) <-> (3, 24) [9]
(3, 23) <-> (4, 23) [6]
(3, 25) <-> (3, 26) [1]
(3, 25) <-> (4, 25) [8]
(3, 26) <-> (4, 26) [1]
(3, 27) <-> (3, 28) [9]
(3, 27) <-> (4, 27) [7]
(3, 28) <-> (3, 29) [7]
(3, 29) <-> (3, 30) [7]
(3, 29) <-> (4, 29) [6]
(3, 30) <-> (4, 30) [5]
(3, 31) <-> (3, 32) [7]
(3, 32) <-> (3, 33) [2]
(3, 33) <-> (3, 34) [4]
(3, 34) <-> (3, 35) [5]
(3, 34) <-> (4, 34) [10]
(3, 35) <-> (3, 36) [10]
(3, 35) <-> (4, 35) [4]
(3, 37) <-> (3, 38) [2]
(3, 37) <-> (4, 37) [2]
(3, 38) <-> (3, 39) [5]
(3, 38) <-> (4, 38) [7]
(3, 39) <-> (4, 39) [7]
(3, 40) <-> (3, 41) [6]
(3, 40) <-> (4, 40) [4]
(3, 41) <-> (4, 41) [5]
(3, 42) <-> (3, 43) [3]
(3, 43) <-> (3, 44) [9]
(3, 44) <-> (3, 45) [9]
(3, 46) <-> (3, 47) [2]
(3, 46) <-> (4, 46) [7]
(3, 47) <-> (3, 48) [8]
(3, 49) <-> (4, 49) [5]
(4, 0) <-> (5, 0) [6]
(4, 1) <-> (4, 2) [3]
(4, 2) <-> (5, 2) [7]
(4, 3) <-> (4, 4) [9]
(4, 3) <-> (5, 3) [7]
(4, 4) <-> (4, 5) [6]
(4, 5) <-> (4, 6) [6]
(4, 5) <-> (5, 5) [9]
(4, 7) <-> (4, 8) [4]
(4, 7) <-> (5, 7) [5]
(4, 9) <-> (5, 9) [1]
(4, 10) <-> (4, 11) [6]
(4, 11) <-> (4, 12) [8]
(4, 11) <-> (5, 11) [6]
(4, 12) <-> (5, 12) [4]
(4, 13) <-> (5, 13) [9]
(4, 14) <-> (5, 14) [5]
(4, 15) <-> (4, 16) [4]
(4, 15) <-> (5, 15) [6]
(4, 16) <-> (4, 17) [5]
(4, 18) <-> (5, 18) [10]
(4, 19) <-> (5, 19) [4]
(4, 20) <-> (4, 21) [1]
(4, 20) <-> (5, 20) [9]
(4, 21) <-> (5, 21) [2]
(4, 22) <-> (4, 23) [1]
(4, 22) <-> (5, 22) [6]
(4, 23) <-> (4, 24) [2]
(4, 23) <-> (5, 23) [2]
(4, 24) <-> (4, 25) [10]
(4, 25) <-> (4, 26) [10]
(4, 25) <-> (5, 25) [6]
(4, 26) <-> (5, 26) [3]
(4, 27) <-> (4, 28) [8]
(4, 28) <-> (4, 29) [9]
(4, 28) <-> (5, 28) [5]
(4, 30) <-> (5, 30) [6]
(4, 31) <-> (4, 32) [4]
(4, 31) <-> (5, 31) [6]
(4, 32) <-> (4, 33) [6]
(4, 32) <-> (5, 32) [6]
(4, 33) <-> (5, 33) [1]
(4, 34) <-> (4, 35) [10]
(4, 35) <-> (5, 35) [6]
(4, 36) <-> (4, 37) [5]
(4, 36) <-> (5, 36) [8]
(4, 37) <-> (5, 37) [10]
(4, 38) <-> (5, 38) [1]
(4, 39) <-> (5, 39) [6]
(4, 40) <-> (4, 41) [1]
(4, 41) <-> (4, 42) [6]
(4, 41) <-> (5, 41) [4]
(4, 42) <-> (4, 43) [9]
(4, 43) <-> (4, 44) [2]
(4, 44) <-> (5, 44) [5]
(4, 45) <-> (5, 45) [3]
(4, 46) <-> (4, 47) [4]
(4, 47) <-> (4, 48) [5]
(4, 47) <-> (5, 47) [5]
(4, 48) <-> (4, 49) [4]
(4, 49) <-> (5, 49) [1]
(5, 0) <-> (5, 1) [3]
(5, 0) <-> (6, 0) [2]
(5, 1) <-> (5, 2) [9]
(5, 1) <-> (6, 1) [5]
(5, 3) <-> (5, 4) [8]
(5, 4) <-> (5, 5) [3]
(5, 4) <-> (6, 4) [7]
(5, 5) <-> (5, 6) [5]
(5, 5) <-> (6, 5) [5]
(5, 6) <-> (5, 7) [7]
(5, 7) <-> (5, 8) [10]
(5, 7) <-> (6, 7) [2]
(5, 8) <-> (6, 8) [4]
(5, 9) <-> (5, 10) [1]
(5, 9) <-> (6, 9) [9]
(5, 10) <-> (5, 11) [3]
(5, 10) <-> (6, 10) [9]
(5, 11) <-> (6, 11) [9]
(5, 12) <-> (5, 13) [4]
(5, 12) <-> (6, 12) [8]
(5, 13) <-> (5, 14) [1]
(5, 14) <-> (6, 14) [7]
(5, 15) <-> (5, 16) [7]
(5, 15) <-> (6, 15) [8]
(5, 16) <-> (5, 17) [4]
(5, 16) <-> (6, 16) [2]
(5, 17) <-> (5, 18) [3]
(5, 18) <-> (6, 18) [7]
(5, 19) <-> (6, 19) [4]
(5, 20) <-> (5, 21) [4]
(5, 20) <-> (6, 20) [8]
(5, 21) <-> (5, 22) [6]
(5, 22) <-> (6, 22) [9]
(5, 23) <-> (5, 24) [6]
(5, 23) <-> (6, 23) [7]
(5, 24) <-> (6, 24) [6]
(5, 25) <-> (5, 26) [4]
(5, 27) <-> (5, 28) [2]
(5, 27) <-> (6, 27) [5]
(5, 28) <-> (5, 29) [9]
(5, 28) <-> (6, 28) [3]
(5, 29) <-> (5, 30) [10]
(5, 30) <-> (5, 31) [7]
(5, 30) <-> (6, 30) [4]
(5, 31) <-> (6, 31) [2]
(5, 32) <-> (5, 33) [8]
(5, 32) <-> (6, 32) [5]
(5, 33) <-> (5, 34) [1]
(5, 34) <-> (5, 35) [10]
(5, 34) <-> (6, 34) [9]
(5, 36) <-> (6, 36) [3]
(5, 37) <-> (6, 37) [10]
(5, 38) <-> (5, 39) [10]
(5, 39) <-> (5, 40) [8]
(5, 40) <-> (6, 40) [7]
(5, 41) <-> (5, 42) [7]
(5, 41) <-> (6, 41) [5]
(5, 42) <-> (5, 43) [4]
(5, 42) <-> (6, 42) [1]
(5, 43) <-> (5, 44) [8]
(5, 44) <-> (5, 45) [5]
(5, 45) <-> (5, 46) [9]
(5, 46) <-> (5, 47) [9]
(5, 46) <-> (6, 46) [3]
(5, 47) <-> (5, 48) [6]
(5, 48) <-> (6, 48) [7]
(5, 49) <-> (6, 49) [4]
(6, 0) <-> (6, 1) [8]
(6, 1) <-> (6, 2) [7]
(6, 1) <-> (7, 1) [10]
(6, 3) <-> (6, 4) [3]
(6, 3) <-> (7, 3) [9]
(6, 5) <-> (6, 6) [10]
(6, 5) <-> (7, 5) [4]
(6, 6) <-> (6, 7) [3]
(6, 6) <-> (7, 6) [3]
(6, 8) <-> (6, 9) [2]
(6, 8) <-> (7, 8) [7]
(6, 9) <-> (6, 10) [6]
(6, 11) <-> (6, 12) [8]
(6, 12) <-> (6, 13) [9]
(6, 13) <-> (6, 14) [7]
(6, 14) <-> (7, 14) [6]
(6, 15) <-> (6, 16) [5]
(6, 16) <-> (6, 17) [4]
(6, 17) <-> (7, 17) [2]
(6, 18) <-> (7, 18) [9]
(6, 19) <-> (6, 20) [3]
(6, 19) <-> (7, 19) [10]
(6, 20) <-> (6, 21) [1]
(6, 21) <-> (6, 22) [6]
(6, 21) <-> (7, 21) [3]
(6, 22) <-> (7, 22) [8]
(6, 23) <-> (6, 24) [10]
(6, 23) <-> (7, 23) [9]
(6, 25) <-> (6, 26) [8]
(6, 26) <-> (7, 26) [4]
(6, 27) <-> (6, 28) [6]
(6, 27) <-> (7, 27) [1]
(6, 28) <-> (7, 28) [1]
(6, 29) <-> (6, 30) [2]
(6, 29) <-> (7, 29) [8]
(6, 30) <-> (6, 31) [1]
(6, 31) <-> (6, 32) [6]
(6, 31) <-> (7, 31) [5]
(6, 32) <-> (7, 32) [8]
(6, 33) <-> (6, 34) [10]
(6, 35) <-> (6, 36) [4]
(6, 35) <-> (7, 35) [1]
(6, 36) <-> (7, 36) [8]
(6, 37) <-> (6, 38) [10]
(6, 37) <-> (7, 37) [1]
(6, 38) <-> (6, 39) [5]
(6, 39) <-> (6, 40) [6]
(6, 40) <-> (7, 40) [6]
(6, 41) <-> (7, 41) [5]
(6, 42) <-> (6, 43) [1]
(6, 42) <-> (7, 42) [7]
(6, 43) <-> (7, 43) [2]
(6, 44) <-> (6, 45) [3]
(6, 44) <-> (7, 44) [9]
(6, 45) <-> (6, 46) [1]
(6, 45) <-> (7, 45) [10]
(6, 47) <-> (6, 48) [2]
(6, 49) <-> (7, 49) [5]
(7, 0) <-> (7, 1) [9]
(7, 0) <-> (8, 0) [9]
(7, 1) <-> (8, 1) [5]
(7, 2) <-> (7, 3) [4]
(7, 2) <-> (8, 2) [5]
(7, 3) <-> (7, 4) [2]
(7, 4) <-> (8, 4) [5]
(7, 5) <-> (7, 6) [4]
(7, 6) <-> (7, 7) [8]
(7, 6) <-> (8, 6) [1]
(7, 7) <-> (7, 8) [9]
(7, 8) <-> (7, 9) [9]
(7, 10) <-> (7, 11) [1]
(7, 10) <-> (8, 10) [1]
(7, 11) <-> (7, 12) [9]
(7, 12) <-> (8, 12) [1]
(7, 13) <-> (7, 14) [2]
(7, 13) <-> (8, 13) [9]
(7, 14) <-> (7, 15) [6]
(7, 15) <-> (8, 15) [7]
(7, 16) <-> (7, 17) [9]
(7, 16) <-> (8, 16) [3]
(7, 17) <-> (8, 17) [3]
(7, 19) <-> (7, 20) [5]
(7, 19) <-> (8, 19) [3]
(7, 20) <-> (7, 21) [9]
(7, 20) <-> (8, 20) [1]
(7, 21) <-> (7, 22) [10]
(7, 21) <-> (8, 21) [3]
(7, 23) <-> (7, 24) [8]
(7, 24) <-> (7, 25) [1]
(7, 24) <-> (8, 24) [7]
(7, 25) <-> (8, 25) [7]
(7, 26) <-> (7, 27) [5]
(7, 28) <-> (8, 28) [1]
(7, 29) <-> (8, 29) [10]
(7, 30) <-> (7, 31) [6]
(7, 30) <-> (8, 30) [7]
(7, 32) <-> (7, 33) [3]
(7, 33) <-> (8, 33) [8]
(7, 34) <-> (7, 35) [10]
(7, 34) <-> (8, 34) [5]
(7, 36) <-> (7, 37) [10]
(7, 36) <-> (8, 36) [10]
(7, 37) <-> (7, 38) [5]
(7, 37) <-> (8, 37) [4]
(7, 38) <-> (7, 39) [5]
(7, 39) <-> (7, 40) [9]
(7, 39) <-> (8, 39) [7]
(7, 40) <-> (8, 40) [9]
(7, 41) <-> (7, 42) [2]
(7, 42) <-> (8, 42) [9]
(7, 43) <-> (7, 44) [8]
(7, 43) <-> (8, 43) [9]
(7, 45) <-> (7, 46) [10]
(7, 45) <-> (8, 45) [8]
(7, 46) <-> (7, 47) [1]
(7, 46) <-> (8, 46) [5]
(7, 47) <-> (7, 48) [1]
(7, 48) <-> (8, 48) [1]
(7, 49) <-> (8, 49) [6]
(8, 0) <-> (9, 0) [10]
(8, 1) <-> (8, 2) [8]
(8, 1) <-> (9, 1) [4]
(8, 3) <-> (8, 4) [10]
(8, 3) <-> (9, 3) [4]
(8, 4) <-> (8, 5) [2]
(8, 5) <-> (8, 6) [9]
(8, 6) <-> (8, 7) [2]
(8, 7) <-> (8, 8) [7]
(8, 7) <-> (9, 7) [7]
(8, 8) <-> (9, 8) [8]
(8, 9) <-> (8, 10) [10]
(8, 9) <-> (9, 9) [3]
(8, 10) <-> (9, 10) [4]
(8, 11) <-> (8, 12) [5]
(8, 11) <-> (9, 11) [6]
(8, 12) <-> (9, 12) [6]
(8, 13) <-> (8, 14) [4]
(8, 13) <-> (9, 13) [6]
(8, 14) <-> (9, 14) [8]
(8, 15) <-> (9, 15) [9]
(8, 16) <-> (9, 16) [7]
(8, 17) <-> (8, 18) [7]
(8, 17) <-> (9, 17) [7]
(8, 18) <-> (8, 19) [9]
(8, 20) <-> (8, 21) [6]
(8, 20) <-> (9, 20) [5]
(8, 21) <-> (8, 22) [9]
(8, 21) <-> (9, 21) [2]
(8, 22) <-> (8, 23) [3]
(8, 23) <-> (9, 23) [5]
(8, 24) <-> (9, 24) [1]
(8, 25) <-> (8, 26) [5]
(8, 25) <-> (9, 25) [4]
(8, 26) <-> (9, 26) [1]
(8, 27) <-> (8, 28) [9]
(8, 27) <-> (9, 27) [5]
(8, 29) <-> (8, 30) [4]
(8, 30) <-> (8, 31) [8]
(8, 30) <-> (9, 30) [1]
(8, 31) <-> (8, 32) [6]
(8, 31) <-> (9, 31) [1]
(8, 33) <-> (8, 34) [9]
(8, 33) <-> (9, 33) [6]
(8, 34) <-> (9, 34) [4]
(8, 35) <-> (8, 36) [8]
(8, 36) <-> (9, 36) [4]
(8, 37) <-> (8, 38) [9]
(8, 38) <-> (8, 39) [8]
(8, 39) <-> (8, 40) [2]
(8, 39) <-> (9, 39) [9]
(8, 40) <-> (8, 41) [2]
(8, 40) <-> (9, 40) [4]
(8, 41) <-> (8, 42) [5]
(8, 42) <-> (9, 42) [7]
(8, 43) <-> (8, 44) [6]
(8, 44) <-> (8, 45) [1]
(8, 45) <-> (9, 45) [7]
(8, 46) <-> (8, 47) [8]
(8, 47) <-> (9, 47) [9]
(8, 48) <-> (8, 49) [4]
(8, 49) <-> (9, 49) [9]
(9, 0) <-> (9, 1) [1]
(9, 0) <-> (10, 0) [7]
(9, 2) <-> (9, 3) [10]
(9, 3) <-> (9, 4) [1]
(9, 4) <-> (9, 5) [5]
(9, 4) <-> (10, 4) [1]
(9, 5) <-> (10, 5) [8]
(9, 6) <-> (9, 7) [2]
(9, 6) <-> (10, 6) [10]
(9, 8) <-> (9, 9) [7]
(9, 10) <-> (9, 11) [7]
(9, 11) <-> (9, 12) [3]
(9, 12) <-> (10, 12) [3]
(9, 13) <-> (10, 13) [8]
(9, 14) <-> (9, 15) [8]
(9, 15) <-> (9, 16) [5]
(9, 15) <-> (10, 15) [3]
(9, 16) <-> (9, 17) [1]
(9, 17) <-> (9, 18) [4]
(9, 17) <-> (10, 17) [8]
(9, 18) <-> (9, 19) [6]
(9, 18) <-> (10, 18) [8]
(9, 19) <-> (9, 20) [8]
(9, 21) <-> (9, 22) [10]
(9, 21) <-> (10, 21) [10]
(9, 22) <-> (9, 23) [1]
(9, 22) <-> (10, 22) [10]
(9, 23) <-> (9, 24) [3]
(9, 23) <-> (10, 23) [7]
(9, 24) <-> (10, 24) [7]
(9, 26) <-> (10, 26) [10]
(9, 27) <-> (9, 28) [4]
(9, 27) <-> (10, 27) [3]
(9, 28) <-> (9, 29) [1]
(9, 29) <-> (10, 29) [7]
(9, 30) <-> (9, 31) [8]
(9, 31) <-> (9, 32) [2]
(9, 31) <-> (10, 31) [10]
(9, 32) <-> (9, 33) [9]
(9, 32) <-> (10, 32) [6]
(9, 33) <-> (10, 33) [1]
(9, 34) <-> (9, 35) [5]
(9, 35) <-> (10, 35) [7]
(9, 36) <-> (10, 36) [9]
(9, 37) <-> (9, 38) [4]
(9, 37) <-> (10, 37) [5]
(9, 38) <-> (9, 39) [4]
(9, 38) <-> (10, 38) [6]
(9, 39) <-> (9, 40) [10]
(9, 40) <-> (9, 41) [9]
(9, 41) <-> (10, 41) [9]
(9, 42) <-> (9, 43) [5]
(9, 43) <-> (9, 44) [3]
(9, 43) <-> (10, 43) [8]
(9, 44) <-> (10, 44) [6]
(9, 45) <-> (9, 46) [10]
(9, 45) <-> (10, 45) [1]
(9, 46) <-> (10, 46) [9]
(9, 47) <-> (9, 48) [6]
(9, 48) <-> (9, 49) [9]
(9, 48) <-> (10, 48) [8]
(9, 49) <-> (10, 49) [5]
(10, 0) <-> (11, 0) [9]
(10, 1) <-> (10, 2) [2]
(10, 1) <-> (11, 1) [9]
(10, 2) <-> (10, 3) [1]
(10, 2) <-> (11, 2) [10]
(10, 3) <-> (10, 4) [7]
(10, 5) <-> (11, 5) [2]
(10, 6) <-> (10, 7) [3]
(10, 6) <-> (11, 6) [7]
(10, 7) <-> (10, 8) [6]
(10, 8) <-> (10, 9) [3]
(10, 9) <-> (10, 10) [6]
(10, 10) <-> (11, 10) [4]
(10, 11) <-> (11, 11) [4]
(10, 12) <-> (11, 12) [8]
(10, 13) <-> (10, 14) [8]
(10, 13) <-> (11, 13) [10]
(10, 14) <-> (11, 14) [3]
(10, 15) <-> (11, 15) [10]
(10, 16) <-> (10, 17) [10]
(10, 16) <-> (11, 16) [7]
(10, 18) <-> (10, 19) [7]
(10, 18) <-> (11, 18) [7]
(10, 19) <-> (10, 20) [7]
(10, 19) <-> (11, 19) [9]
(10, 20) <-> (11, 20) [4]
(10, 21) <-> (11, 21) [2]
(10, 22) <-> (10, 23) [9]
(10, 23) <-> (11, 23) [4]
(10, 24) <-> (10, 25) [1]
(10, 25) <-> (10, 26) [5]
(10, 27) <-> (10, 28) [8]
(10, 28) <-> (10, 29) [2]
(10, 28) <-> (11, 28) [3]
(10, 29) <-> (11, 29) [8]
(10, 30) <-> (10, 31) [2]
(10, 30) <-> (11, 30) [7]
(10, 32) <-> (10, 33) [10]
(10, 33) <-> (10, 34) [10]
(10, 34) <-> (10, 35) [3]
(10, 35) <-> (10, 36) [7]
(10, 35) <-> (11, 35) [3]
(10, 36) <-> (11, 36) [5]
(10, 37) <-> (10, 38) [5]
(10, 37) <-> (11, 37) [2]
(10, 38) <-> (11, 38) [3]
(10, 39) <-> (10, 40) [7]
(10, 39) <-> (11, 39) [5]
(10, 40) <-> (10, 41) [2]
(10, 40) <-> (11, 40) [7]
(10, 41) <-> (10, 42) [1]
(10, 42) <-> (11, 42) [3]
(10, 43) <-> (10, 44) [1]
(10, 43) <-> (11, 43) [7]
(10, 44) <-> (11, 44) [5]
(10, 45) <-> (10, 46) [5]
(10, 46) <-> (11, 46) [4]
(10, 47) <-> (10, 48) [2]
(10, 47) <-> (11, 47) [10]
(10, 48) <-> (10, 49) [8]
(10, 48) <-> (11, 48) [2]
(10, 49) <-> (11, 49) [8]
(11, 0) <-> (12, 0) [4]
(11, 2) <-> (12, 2) [3]
(11, 3) <-> (12, 3) [9]
(11, 4) <-> (11, 5) [8]
(11, 4) <-> (12, 4) [4]
(11, 6) <-> (11, 7) [6]
(11, 6) <-> (12, 6) [7]
(11, 7) <-> (12, 7) [10]
(11, 8) <-> (11, 9) [9]
(11, 8) <-> (12, 8) [6]
(11, 9) <-> (11, 10) [9]
(11, 10) <-> (12, 10) [4]
(11, 11) <-> (11, 12) [7]
(11, 12) <-> (11, 13) [10]
(11, 13) <-> (12, 13) [1]
(11, 14) <-> (12, 14) [4]
(11, 15) <-> (12, 15) [1]
(11, 16) <-> (12, 16) [6]
(11, 17) <-> (11, 18) [1]
(11, 17) <-> (12, 17) [10]
(11, 19) <-> (12, 19) [6]
(11, 20) <-> (11, 21) [9]
(11, 20) <-> (12, 20) [1]
(11, 22) <-> (11, 23) [3]
(11, 22) <-> (12, 22) [7]
(11, 23) <-> (12, 23) [5]
(11, 24) <-> (11, 25) [7]
(11, 24) <-> (12, 24) [4]
(11, 25) <-> (11, 26) [6]
(11, 25) <-> (12, 25) [9]
(11, 26) <-> (11, 27) [4]
(11, 26) <-> (12, 26) [9]
(11, 27) <-> (11, 28) [10]
(11, 29) <-> (11, 30) [4]
(11, 30) <-> (11, 31) [1]
(11, 31) <-> (11, 32) [2]
(11, 31) <-> (12, 31) [7]
(11, 32) <-> (11, 33) [1]
(11, 33) <-> (11, 34) [8]
(11, 34) <-> (12, 34) [5]
(11, 35) <-> (12, 35) [1]
(11, 36) <-> (11, 37) [8]
(11, 37) <-> (12, 37) [9]
(11, 38) <-> (11, 39) [5]
(11, 38) <-> (12, 38) [1]
(11, 39) <-> (12, 39) [3]
(11, 40) <-> (11, 41) [5]
(11, 41) <-> (11, 42) [3]
(11, 41) <-> (12, 41) [3]
(11, 43) <-> (12, 43) [7]
(11, 44) <-> (11, 45) [7]
(11, 45) <-> (11, 46) [6]
(11, 45) <-> (12, 45) [2]
(11, 46) <-> (12, 46) [6]
(11, 47) <-> (12, 47) [9]
(11, 48) <-> (11, 49) [9]
(12, 0) <-> (13, 0) [3]
(12, 1) <-> (12, 2) [8]
(12, 1) <-> (13, 1) [2]
(12, 2) <-> (13, 2) [6]
(12, 3) <-> (13, 3) [6]
(12, 4) <-> (13, 4) [3]
(12, 5) <-> (12, 6) [8]
(12, 6) <-> (13, 6) [3]
(12, 7) <-> (13, 7) [7]
(12, 8) <-> (12, 9) [3]
(12, 9) <-> (12, 10) [6]
(12, 10) <-> (12, 11) [7]
(12, 11) <-> (13, 11) [5]
(12, 12) <-> (12, 13) [9]
(12, 12) <-> (13, 12) [4]
(12, 13) <-> (12, 14) [2]
(12, 13) <-> (13, 13) [4]
(12, 14) <-> (13, 14) [5]
(12, 15) <-> (13, 15) [2]
(12, 16) <-> (13, 16) [2]
(12, 17) <-> (12, 18) [10]
(12, 18) <-> (12, 19) [6]
(12, 18) <-> (13, 18) [4]
(12, 19) <-> (12, 20) [9]
(12, 19) <-> (13, 19) [5]
(12, 20) <-> (12, 21) [10]
(12, 21) <-> (13, 21) [3]
(12, 22) <-> (13, 22) [8]
(12, 23) <-> (13, 23) [9]
(12, 24) <-> (12, 25) [8]
(12, 24) <-> (13, 24) [4]
(12, 25) <-> (13, 25) [4]
(12, 26) <-> (12, 27) [10]
(12, 27) <-> (12, 28) [2]
(12, 28) <-> (12, 29) [1]
(12, 28) <-> (13, 28) [5]
(12, 29) <-> (12, 30) [10]
(12, 30) <-> (12, 31) [1]
(12, 32) <-> (12, 33) [5]
(12, 33) <-> (13, 33) [3]
(12, 34) <-> (13, 34) [2]
(12, 35) <-> (12, 36) [5]
(12, 36) <-> (12, 37) [4]
(12, 38) <-> (12, 39) [1]
(12, 38) <-> (13, 38) [2]
(12, 39) <-> (12, 40) [7]
(12, 39) <-> (13, 39) [2]
(12, 40) <-> (13, 40) [4]
(12, 41) <-> (12, 42) [5]
(12, 41) <-> (13, 41) [4]
(12, 42) <-> (12, 43) [9]
(12, 44) <-> (12, 45) [5]
(12, 44) <-> (13, 44) [4]
(12, 45) <-> (12, 46) [9]
(12, 45) <-> (13, 45) [7]
(12, 46) <-> (13, 46) [8]
(12, 47) <-> (12, 48) [10]
(12, 48) <-> (13, 48) [2]
(12, 49) <-> (13, 49) [2]
(13, 0) <-> (14, 0) [6]
(13, 1) <-> (14, 1) [3]
(13, 2) <-> (13, 3) [4]
(13, 2) <-> (14, 2) [6]
(13, 3) <-> (14, 3) [2]
(13, 4) <-> (13, 5) [8]
(13, 5) <-> (14, 5) [7]
(13, 6) <-> (13, 7) [3]
(13, 6) <-> (14, 6) [9]
(13, 8) <-> (13, 9) [4]
(13, 8) <-> (14, 8) [7]
(13, 9) <-> (13, 10) [3]
(13, 9) <-> (14, 9) [7]
(13, 10) <-> (13, 11) [8]
(13, 12) <-> (13, 13) [2]
(13, 12) <-> (14, 12) [9]
(13, 13) <-> (13, 14) [5]
(13, 13) <-> (14, 13) [9]
(13, 14) <-> (14, 14) [3]
(13, 15) <-> (14, 15) [2]
(13, 16) <-> (14, 16) [8]
(13, 17) <-> (14, 17) [3]
(13, 18) <-> (14, 18) [3]
(13, 20) <-> (13, 21) [1]
(13, 20) <-> (14, 20) [6]
(13, 21) <-> (14, 21) [5]
(13, 22) <-> (13, 23) [2]
(13, 22) <-> (14, 22) [1]
(13, 23) <-> (14, 23) [3]
(13, 24) <-> (13, 25) [3]
(13, 25) <-> (13, 26) [1]
(13, 26) <-> (13, 27) [5]
(13, 27) <-> (13, 28) [4]
(13, 27) <-> (14, 27) [6]
(13, 28) <-> (13, 29) [4]
(13, 28) <-> (14, 28) [3]
(13, 29) <-> (13, 30) [4]
(13, 30) <-> (14, 30) [4]
(13, 31) <-> (13, 32) [6]
(13, 31) <-> (14, 31) [10]
(13, 32) <-> (13, 33) [6]
(13, 33) <-> (14, 33) [1]
(13, 34) <-> (13, 35) [1]
(13, 35) <-> (14, 35) [5]
(13, 36) <-> (13, 37) [8]
(13, 36) <-> (14, 36) [9]
(13, 37) <-> (13, 38) [1]
(13, 37) <-> (14, 37) [7]
(13, 38) <-> (13, 39) [3]
(13, 39) <-> (14, 39) [7]
(13, 40) <-> (13, 41) [2]
(13, 40) <-> (14, 40) [2]
(13, 41) <-> (13, 42) [7]
(13, 42) <-> (13, 43) [1]
(13, 44) <-> (14, 44) [5]
(13, 45) <-> (13, 46) [3]
(13, 46) <-> (13, 47) [10]
(13, 47) <-> (14, 47) [10]
(13, 48) <-> (13, 49) [1]
(13, 49) <-> (14, 49) [10]
(14, 0) <-> (14, 1) [10]
(14, 2) <-> (15, 2) [3]
(14, 3) <-> (15, 3) [1]
(14, 4) <-> (14, 5) [2]
(14, 4) <-> (15, 4) [10]
(14, 7) <-> (14, 8) [3]
(14, 7) <-> (15, 7) [6]
(14, 9) <-> (15, 9) [2]
(14, 10) <-> (14, 11) [2]
(14, 10) <-> (15, 10) [9]
(14, 11) <-> (15, 11) [8]
(14, 12) <-> (15, 12) [9]
(14, 13) <-> (14, 14) [5]
(14, 13) <-> (15, 13) [3]
(14, 14) <-> (15, 14) [1]
(14, 15) <-> (14, 16) [10]
(14, 15) <-> (15, 15) [10]
(14, 16) <-> (14, 17) [6]
(14, 16) <-> (15, 16) [4]
(14, 17) <-> (15, 17) [2]
(14, 18) <-> (15, 18) [2]
(14, 19) <-> (14, 20) [10]
(14, 19) <-> (15, 19) [6]
(14, 21) <-> (14, 22) [10]
(14, 22) <-> (14, 23) [8]
(14, 23) <-> (14, 24) [1]
(14, 24) <-> (15, 24) [4]
(14, 25) <-> (14, 26) [7]
(14, 25) <-> (15, 25) [1]
(14, 26) <-> (15, 26) [6]
(14, 27) <-> (15, 27) [1]
(14, 28) <-> (14, 29) [4]
(14, 28) <-> (15, 28) [9]
(14, 29) <-> (14, 30) [9]
(14, 29) <-> (15, 29) [2]
(14, 30) <-> (15, 30) [8]
(14, 31) <-> (14, 32) [6]
(14, 32) <-> (15, 32) [4]
(14, 33) <-> (15, 33) [8]
(14, 34) <-> (15, 34) [7]
(14, 35) <-> (14, 36) [1]
(14, 36) <-> (14, 37) [1]
(14, 36) <-> (15, 36) [1]
(14, 37) <-> (14, 38) [4]
(14, 39) <-> (15, 39) [3]
(14, 40) <-> (14, 41) [2]
(14, 41) <-> (15, 41) [10]
(14, 42) <-> (14, 43) [9]
(14, 42) <-> (15, 42) [4]
(14, 43) <-> (14, 44) [9]
(14, 43) <-> (15, 43) [10]
(14, 44) <-> (14, 45) [7]
(14, 45) <-> (14, 46) [2]
(14, 45) <-> (15, 45) [3]
(14, 46) <-> (15, 46) [4]
(14, 47) <-> (14, 48) [1]
(14, 47) <-> (15, 47) [2]
(14, 48) <-> (14, 49) [2]
(14, 48) <-> (15, 48) [6]
(15, 0) <-> (15, 1) [2]
(15, 0) <-> (16, 0) [2]
(15, 1) <-> (15, 2) [6]
(15, 2) <-> (16, 2) [4]
(15, 3) <-> (16, 3) [7]
(15, 4) <-> (15, 5) [6]
(15, 4) <-> (16, 4) [8]
(15, 5) <-> (15, 6) [10]
(15, 5) <-> (16, 5) [3]
(15, 6) <-> (15, 7) [4]
(15, 8) <-> (15, 9) [10]
(15, 8) <-> (16, 8) [8]
(15, 9) <-> (15, 10) [8]
(15, 10) <-> (15, 11) [10]
(15, 11) <-> (16, 11) [8]
(15, 12) <-> (15, 13) [8]
(15, 14) <-> (15, 15) [8]
(15, 14) <-> (16, 14) [8]
(15, 15) <-> (16, 15) [5]
(15, 16) <-> (16, 16) [7]
(15, 17) <-> (15, 18) [4]
(15, 17) <-> (16, 17) [10]
(15, 18) <-> (16, 18) [4]
(15, 19) <-> (15, 20) [3]
(15, 19) <-> (16, 19) [1]
(15, 20) <-> (15, 21) [4]
(15, 21) <-> (15, 22) [6]
(15, 21) <-> (16, 21) [1]
(15, 22) <-> (15, 23) [10]
(15, 23) <-> (15, 24) [1]
(15, 24) <-> (15, 25) [3]
(15, 26) <-> (16, 26) [1]
(15, 27) <-> (15, 28) [7]
(15, 28) <-> (15, 29) [5]
(15, 29) <-> (16, 29) [3]
(15, 30) <-> (15, 31) [8]
(15, 31) <-> (16, 31) [1]
(15, 32) <-> (16, 32) [9]
(15, 33) <-> (15, 34) [10]
(15, 34) <-> (16, 34) [1]
(15, 35) <-> (15, 36) [5]
(15, 35) <-> (16, 35) [10]
(15, 36) <-> (15, 37) [2]
(15, 37) <-> (15, 38) [5]
(15, 37) <-> (16, 37) [8]
(15, 38) <-> (15, 39) [9]
(15, 38) <-> (16, 38) [4]
(15, 39) <-> (16, 39) [6]
(15, 40) <-> (15, 41) [4]
(15, 41) <-> (16, 41) [8]
(15, 42) <-> (15, 43) [2]
(15, 43) <-> (15, 44) [5]
(15, 43) <-> (16, 43) [9]
(15, 44) <-> (15, 45) [2]
(15, 44) <-> (16, 44) [4]
(15, 46) <-> (15, 47) [6]
(15, 46) <-> (16, 46) [4]
(15, 47) <-> (16, 47) [5]
(15, 48) <-> (15, 49) [5]
(15, 49) <-> (16, 49) [1]
(16, 0) <-> (17, 0) [4]
(16, 1) <-> (16, 2) [4]
(16, 1) <-> (17, 1) [3]
(16, 2) <-> (17, 2) [1]
(16, 3) <-> (17, 3) [1]
(16, 4) <-> (16, 5) [6]
(16, 6) <-> (16, 7) [9]
(16, 7) <-> (17, 7) [5]
(16, 8) <-> (16, 9) [8]
(16, 8) <-> (17, 8) [7]
(16, 9) <-> (17, 9) [3]
(16, 10) <-> (16, 11) [3]
(16, 10) <-> (17, 10) [4]
(16, 12) <-> (16, 13) [9]
(16, 12) <-> (17, 12) [10]
(16, 13) <-> (16, 14) [4]
(16, 13) <-> (17, 13) [3]
(16, 15) <-> (17, 15) [6]
(16, 16) <-> (16, 17) [3]
(16, 16) <-> (17, 16) [8]
(16, 17) <-> (17, 17) [9]
(16, 18) <-> (17, 18) [10]
(16, 19) <-> (17, 19) [8]
(16, 20) <-> (16, 21) [2]
(16, 20) <-> (17, 20) [10]
(16, 21) <-> (16, 22) [3]
(16, 21) <-> (17, 21) [1]
(16, 22) <-> (17, 22) [8]
(16, 23) <-> (16, 24) [2]
(16, 23) <-> (17, 23) [6]
(16, 24) <-> (17, 24) [3]
(16, 25) <-> (16, 26) [7]
(16, 25) <-> (17, 25) [1]
(16, 26) <-> (16, 27) [3]
(16, 27) <-> (17, 27) [10]
(16, 28) <-> (16, 29) [2]
(16, 28) <-> (17, 28) [5]
(16, 29) <-> (16, 30) [1]
(16, 29) <-> (17, 29) [10]
(16, 30) <-> (17, 30) [7]
(16, 31) <-> (16, 32) [1]
(16, 31) <-> (17, 31) [8]
(16, 32) <-> (17, 32) [4]
(16, 33) <-> (16, 34) [8]
(16, 34) <-> (16, 35) [6]
(16, 35) <-> (16, 36) [5]
(16, 36) <-> (16, 37) [1]
(16, 36) <-> (17, 36) [6]
(16, 38) <-> (16, 39) [7]
(16, 38) <-> (17, 38) [2]
(16, 39) <-> (16, 40) [2]
(16, 40) <-> (16, 41) [7]
(16, 41) <-> (16, 42) [8]
(16, 41) <-> (17, 41) [3]
(16, 42) <-> (17, 42) [3]
(16, 43) <-> (17, 43) [5]
(16, 44) <-> (16, 45) [8]
(16, 45) <-> (17, 45) [8]
(16, 46) <-> (16, 47) [10]
(16, 47) <-> (16, 48) [1]
(16, 48) <-> (16, 49) [7]
(16, 48) <-> (17, 48) [4]
(17, 0) <-> (18, 0) [6]
(17, 1) <-> (18, 1) [8]
(17, 2) <-> (17, 3) [3]
(17, 4) <-> (17, 5) [8]
(17, 4) <-> (18, 4) [4]
(17, 5) <-> (17, 6) [5]
(17, 6) <-> (17, 7) [2]
(17, 7) <-> (17, 8) [4]
(17, 7) <-> (18, 7) [1]
(17, 9) <-> (17, 10) [1]
(17, 9) <-> (18, 9) [3]
(17, 10) <-> (17, 11) [6]
(17, 11) <-> (17, 12) [1]
(17, 13) <-> (17, 14) [4]
(17, 13) <-> (18, 13) [3]
(17, 14) <-> (17, 15) [3]
(17, 14) <-> (18, 14) [2]
(17, 15) <-> (17, 16) [9]
(17, 15) <-> (18, 15) [4]
(17, 16) <-> (17, 17) [3]
(17, 16) <-> (18, 16) [3]
(17, 17) <-> (17, 18) [3]
(17, 17) <-> (18, 17) [4]
(17, 18) <-> (18, 18) [9]
(17, 19) <-> (17, 20) [1]
(17, 19) <-> (18, 19) [9]
(17, 20) <-> (18, 20) [5]
(17, 21) <-> (17, 22) [6]
(17, 21) <-> (18, 21) [4]
(17, 22) <-> (18, 22) [5]
(17, 23) <-> (18, 23) [6]
(17, 24) <-> (17, 25) [10]
(17, 25) <-> (17, 26) [5]
(17, 26) <-> (17, 27) [9]
(17, 27) <-> (17, 28) [3]
(17, 28) <-> (17, 29) [3]
(17, 29) <-> (18, 29) [10]
(17, 30) <-> (18, 30) [4]
(17, 31) <-> (17, 32) [7]
(17, 31) <-> (18, 31) [6]
(17, 32) <-> (17, 33) [6]
(17, 33) <-> (17, 34) [2]
(17, 33) <-> (18, 33) [5]
(17, 34) <-> (17, 35) [10]
(17, 34) <-> (18, 34) [3]
(17, 35) <-> (18, 35) [1]
(17, 36) <-> (17, 37) [4]
(17, 36) <-> (18, 36) [6]
(17, 37) <-> (17, 38) [3]
(17, 37) <-> (18, 37) [2]
(17, 39) <-> (17, 40) [4]
(17, 39) <-> (18, 39) [1]
(17, 40) <-> (18, 40) [1]
(17, 41) <-> (18, 41) [1]
(17, 43) <-> (17, 44) [7]
(17, 44) <-> (17, 45) [7]
(17, 45) <-> (17, 46) [5]
(17, 46) <-> (17, 47) [10]
(17, 47) <-> (18, 47) [9]
(17, 48) <-> (17, 49) [7]
(17, 49) <-> (18, 49) [4]
(18, 0) <-> (19, 0) [2]
(18, 1) <-> (19, 1) [9]
(18, 2) <-> (18, 3) [10]
(18, 3) <-> (18, 4) [5]
(18, 4) <-> (19, 4) [1]
(18, 5) <-> (18, 6) [1]
(18, 5) <-> (19, 5) [7]
(18, 6) <-> (19, 6) [3]
(18, 8) <-> (18, 9) [1]
(18, 8) <-> (19, 8) [6]
(18, 10) <-> (18, 11) [7]
(18, 10) <-> (19, 10) [3]
(18, 11) <-> (18, 12) [8]
(18, 12) <-> (19, 12) [2]
(18, 13) <-> (18, 14) [7]
(18, 13) <-> (19, 13) [10]
(18, 14) <-> (18, 15) [4]
(18, 16) <-> (18, 17) [8]
(18, 16) <-> (19, 16) [3]
(18, 17) <-> (19, 17) [10]
(18, 18) <-> (18, 19) [3]
(18, 19) <-> (19, 19) [3]
(18, 21) <-> (18, 22) [2]
(18, 21) <-> (19, 21) [5]
(18, 22) <-> (19, 22) [9]
(18, 23) <-> (18, 24) [3]
(18, 24) <-> (18, 25) [10]
(18, 25) <-> (19, 25) [4]
(18, 26) <-> (18, 27) [1]
(18, 26) <-> (19, 26) [8]
(18, 27) <-> (19, 27) [2]
(18, 28) <-> (18, 29) [7]
(18, 28) <-> (19, 28) [7]
(18, 31) <-> (19, 31) [10]
(18, 32) <-> (19, 32) [6]
(18, 33) <-> (19, 33) [10]
(18, 34) <-> (18, 35) [7]
(18, 34) <-> (19, 34) [5]
(18, 36) <-> (18, 37) [9]
(18, 37) <-> (18, 38) [4]
(18, 38) <-> (18, 39) [6]
(18, 41) <-> (18, 42) [9]
(18, 42) <-> (18, 43) [2]
(18, 43) <-> (18, 44) [3]
(18, 43) <-> (19, 43) [8]
(18, 44) <-> (18, 45) [7]
(18, 44) <-> (19, 44) [10]
(18, 45) <-> (18, 46) [8]
(18, 46) <-> (19, 46) [2]
(18, 47) <-> (18, 48) [2]
(18, 48) <-> (18, 49) [10]
(18, 48) <-> (19, 48) [10]
(18, 49) <-> (19, 49) [3]
(19, 0) <-> (20, 0) [7]
(19, 1) <-> (19, 2) [1]
(19, 2) <-> (20, 2) [9]
(19, 3) <-> (19, 4) [4]
(19, 3) <-> (20, 3) [3]
(19, 5) <-> (20, 5) [3]
(19, 6) <-> (19, 7) [7]
(19, 7) <-> (20, 7) [5]
(19, 8) <-> (19, 9) [8]
(19, 9) <-> (19, 10) [9]
(19, 11) <-> (20, 11) [9]
(19, 12) <-> (19, 13) [9]
(19, 12) <-> (20, 12) [3]
(19, 13) <-> (19, 14) [7]
(19, 13) <-> (20, 13) [9]
(19, 14) <-> (19, 15) [3]
(19, 14) <-> (20, 14) [1]
(19, 15) <-> (19, 16) [6]
(19, 15) <-> (20, 15) [5]
(19, 16) <-> (19, 17) [4]
(19, 17) <-> (20, 17) [3]
(19, 18) <-> (19, 19) [2]
(19, 18) <-> (20, 18) [8]
(19, 19) <-> (19, 20) [6]
(19, 20) <-> (20, 20) [7]
(19, 21) <-> (19, 22) [7]
(19, 22) <-> (19, 23) [4]
(19, 23) <-> (19, 24) [1]
(19, 23) <-> (20, 23) [1]
(19, 24) <-> (20, 24) [7]
(19, 25) <-> (19, 26) [5]
(19, 25) <-> (20, 25) [1]
(19, 26) <-> (20, 26) [3]
(19, 27) <-> (19, 28) [5]
(19, 27) <-> (20, 27) [4]
(19, 28) <-> (20, 28) [7]
(19, 29) <-> (19, 30) [1]
(19, 29) <-> (20, 29) [9]
(19, 30) <-> (19, 31) [10]
(19, 31) <-> (19, 32) [5]
(19, 33) <-> (20, 33) [4]
(19, 34) <-> (19, 35) [10]
(19, 35) <-> (19, 36) [8]
(19, 36) <-> (19, 37) [10]
(19, 36) <-> (20, 36) [5]
(19, 37) <-> (19, 38) [8]
(19, 38) <-> (19, 39) [9]
(19, 39) <-> (19, 40) [8]
(19, 39) <-> (20, 39) [4]
(19, 40) <-> (20, 40) [9]
(19, 41) <-> (19, 42) [3]
(19, 41) <-> (20, 41) [5]
(19, 42) <-> (20, 42) [4]
(19, 43) <-> (19, 44) [5]
(19, 43) <-> (20, 43) [7]
(19, 45) <-> (19, 46) [4]
(19, 45) <-> (20, 45) [10]
(19, 46) <-> (19, 47) [7]
(19, 47) <-> (20, 47) [3]
(19, 48) <-> (19, 49) [1]
(19, 48) <-> (20, 48) [5]
(20, 0) <-> (21, 0) [9]
(20, 1) <-> (20, 2) [3]
(20, 2) <-> (20, 3) [10]
(20, 4) <-> (20, 5) [10]
(20, 4) <-> (21, 4) [5]
(20, 5) <-> (21, 5) [2]
(20, 6) <-> (20, 7) [10]
(20, 6) <-> (21, 6) [9]
(20, 7) <-> (20, 8) [6]
(20, 8) <-> (20, 9) [4]
(20, 8) <-> (21, 8) [3]
(20, 9) <-> (20, 10) [10]
(20, 9) <-> (21, 9) [8]
(20, 10) <-> (20, 11) [7]
(20, 11) <-> (20, 12) [4]
(20, 12) <-> (21, 12) [2]
(20, 13) <-> (21, 13) [8]
(20, 14) <-> (21, 14) [8]
(20, 15) <-> (20, 16) [9]
(20, 15) <-> (21, 15) [10]
(20, 17) <-> (21, 17) [7]
(20, 18) <-> (20, 19) [9]
(20, 18) <-> (21, 18) [5]
(20, 19) <-> (21, 19) [9]
(20, 20) <-> (20, 21) [9]
(20, 20) <-> (21, 20) [4]
(20, 21) <-> (20, 22) [8]
(20, 21) <-> (21, 21) [7]
(20, 22) <-> (20, 23) [9]
(20, 24) <-> (21, 24) [7]
(20, 25) <-> (20, 26) [1]
(20, 25) <-> (21, 25) [7]
(20, 27) <-> (20, 28) [5]
(20, 28) <-> (20, 29) [6]
(20, 28) <-> (21, 28) [9]
(20, 29) <-> (20, 30) [6]
(20, 29) <-> (21, 29) [6]
(20, 31) <-> (20, 32) [1]
(20, 31) <-> (21, 31) [10]
(20, 32) <-> (20, 33) [7]
(20, 32) <-> (21, 32) [1]
(20, 34) <-> (20, 35) [6]
(20, 35) <-> (20, 36) [10]
(20, 36) <-> (20, 37) [2]
(20, 36) <-> (21, 36) [8]
(20, 37) <-> (20, 38) [9]
(20, 38) <-> (20, 39) [7]
(20, 38) <-> (21, 38) [10]
(20, 39) <-> (21, 39) [4]
(20, 40) <-> (20, 41) [10]
(20, 42) <-> (21, 42) [6]
(20, 43) <-> (21, 43) [4]
(20, 44) <-> (21, 44) [3]
(20, 45) <-> (20, 46) [4]
(20, 45) <-> (21, 45) [6]
(20, 46) <-> (20, 47) [2]
(20, 48) <-> (20, 49) [8]
(20, 48) <-> (21, 48) [10]
(20, 49) <-> (21, 49) [10]
(21, 0) <-> (21, 1) [8]
(21, 0) <-> (22, 0) [10]
(21, 1) <-> (21, 2) [7]
(21, 2) <-> (21, 3) [1]
(21, 3) <-> (21, 4) [10]
(21, 5) <-> (22, 5) [3]
(21, 6) <-> (21, 7) [5]
(21, 7) <-> (21, 8) [4]
(21, 8) <-> (21, 9) [10]
(21, 9) <-> (21, 10) [10]
(21, 10) <-> (21, 11) [2]
(21, 11) <-> (22, 11) [7]
(21, 12) <-> (21, 13) [3]
(21, 12) <-> (22, 12) [4]
(21, 14) <-> (22, 14) [4]
(21, 16) <-> (21, 17) [2]
(21, 16) <-> (22, 16) [4]
(21, 17) <-> (21, 18) [9]
(21, 20) <-> (22, 20) [10]
(21, 21) <-> (21, 22) [4]
(21, 21) <-> (22, 21) [8]
(21, 22) <-> (22, 22) [9]
(21, 23) <-> (21, 24) [8]
(21, 23) <-> (22, 23) [2]
(21, 25) <-> (21, 26) [3]
(21, 26) <-> (21, 27) [5]
(21, 27) <-> (22, 27) [4]
(21, 28) <-> (22, 28) [9]
(21, 29) <-> (22, 29) [7]
(21, 30) <-> (21, 31) [6]
(21, 30) <-> (22, 30) [10]
(21, 33) <-> (21, 34) [3]
(21, 33) <-> (22, 33) [4]
(21, 34) <-> (21, 35) [7]
(21, 35) <-> (22, 35) [8]
(21, 36) <-> (22, 36) [1]
(21, 37) <-> (22, 37) [6]
(21, 38) <-> (21, 39) [8]
(21, 38) <-> (22, 38) [10]
(21, 39) <-> (21, 40) [5]
(21, 40) <-> (21, 41) [9]
(21, 41) <-> (21, 42) [9]
(21, 41) <-> (22, 41) [7]
(21, 42) <-> (21, 43) [7]
(21, 42) <-> (22, 42) [4]
(21, 43) <-> (22, 43) [9]
(21, 44) <-> (21, 45) [8]
(21, 44) <-> (22, 44) [1]
(21, 45) <-> (22, 45) [2]
(21, 46) <-> (21, 47) [10]
(21, 46) <-> (22, 46) [3]
(21, 47) <-> (21, 48) [9]
(21, 48) <-> (21, 49) [5]
(22, 0) <-> (22, 1) [8]
(22, 0) <-> (23, 0) [4]
(22, 1) <-> (22, 2) [5]
(22, 2) <-> (23, 2) [6]
(22, 3) <-> (22, 4) [2]
(22, 3) <-> (23, 3) [10]
(22, 4) <-> (22, 5) [1]
(22, 4) <-> (23, 4) [4]
(22, 5) <-> (22, 6) [10]
(22, 5) <-> (23, 5) [2]
(22, 6) <-> (23, 6) [3]
(22, 7) <-> (22, 8) [1]
(22, 7) <-> (23, 7) [10]
(22, 8) <-> (22, 9) [6]
(22, 9) <-> (22, 10) [8]
(22, 10) <-> (22, 11) [1]
(22, 10) <-> (23, 10) [10]
(22, 11) <-> (23, 11) [4]
(22, 12) <-> (23, 12) [6]
(22, 13) <-> (23, 13) [4]
(22, 14) <-> (22, 15) [2]
(22, 15) <-> (22, 16) [3]
(22, 15) <-> (23, 15) [3]
(22, 16) <-> (22, 17) [8]
(22, 17) <-> (22, 18) [1]
(22, 17) <-> (23, 17) [2]
(22, 18) <-> (22, 19) [2]
(22, 19) <-> (22, 20) [5]
(22, 19) <-> (23, 19) [8]
(22, 20) <-> (23, 20) [4]
(22, 21) <-> (23, 21) [8]
(22, 22) <-> (23, 22) [4]
(22, 23) <-> (23, 23) [10]
(22, 24) <-> (22, 25) [5]
(22, 24) <-> (23, 24) [4]
(22, 25) <-> (22, 26) [1]
(22, 25) <-> (23, 25) [9]
(22, 26) <-> (22, 27) [3]
(22, 28) <-> (22, 29) [1]
(22, 30) <-> (23, 30) [1]
(22, 31) <-> (22, 32) [1]
(22, 31) <-> (23, 31) [7]
(22, 32) <-> (22, 33) [9]
(22, 32) <-> (23, 32) [9]
(22, 33) <-> (23, 33) [2]
(22, 34) <-> (22, 35) [8]
(22, 34) <-> (23, 34) [7]
(22, 36) <-> (22, 37) [2]
(22, 38) <-> (22, 39) [2]
(22, 39) <-> (22, 40) [3]
(22, 39) <-> (23, 39) [2]
(22, 40) <-> (22, 41) [10]
(22, 41) <-> (22, 42) [7]
(22, 42) <-> (22, 43) [4]
(22, 42) <-> (23, 42) [8]
(22, 44) <-> (22, 45) [6]
(22, 45) <-> (23, 45) [1]
(22, 46) <-> (22, 47) [8]
(22, 47) <-> (23, 47) [1]
(22, 48) <-> (22, 49) [7]
(22, 48) <-> (23, 48) [2]
(22, 49) <-> (23, 49) [4]
(23, 0) <-> (23, 1) [1]
(23, 0) <-> (24, 0) [9]
(23, 1) <-> (23, 2) [7]
(23, 3) <-> (24, 3) [6]
(23, 4) <-> (23, 5) [10]
(23, 4) <-> (24, 4) [7]
(23, 5) <-> (24, 5) [8]
(23, 6) <-> (23, 7) [6]
(23, 6) <-> (24, 6) [5]
(23, 8) <-> (23, 9) [4]
(23, 8) <-> (24, 8) [4]
(23, 9) <-> (23, 10) [5]
(23, 10) <-> (23, 11) [6]
(23, 10) <-> (24, 10) [7]
(23, 11) <-> (24, 11) [2]
(23, 12) <-> (24, 12) [7]
(23, 13) <-> (23, 14) [7]
(23, 13) <-> (24, 13) [8]
(23, 14) <-> (23, 15) [8]
(23, 15) <-> (23, 16) [8]
(23, 15) <-> (24, 15) [2]
(23, 16) <-> (23, 17) [3]
(23, 18) <-> (24, 18) [3]
(23, 19) <-> (24, 19) [2]
(23, 20) <-> (24, 20) [4]
(23, 21) <-> (24, 21) [1]
(23, 22) <-> (23, 23) [4]
(23, 22) <-> (24, 22) [1]
(23, 23) <-> (23, 24) [8]
(23, 24) <-> (24, 24) [1]
(23, 25) <-> (23, 26) [8]
(23, 26) <-> (24, 26) [5]
(23, 27) <-> (23, 28) [7]
(23, 27) <-> (24, 27) [1]
(23, 28) <-> (23, 29) [10]
(23, 29) <-> (24, 29) [4]
(23, 30) <-> (23, 31) [5]
(23, 32) <-> (23, 33) [8]
(23, 34) <-> (23, 35) [9]
(23, 35) <-> (24, 35) [9]
(23, 36) <-> (23, 37) [4]
(23, 36) <-> (24, 36) [4]
(23, 37) <-> (23, 38) [6]
(23, 38) <-> (24, 38) [2]
(23, 39) <-> (23, 40) [2]
(23, 39) <-> (24, 39) [9]
(23, 40) <-> (23, 41) [8]
(23, 40) <-> (24, 40) [1]
(23, 41) <-> (23, 42) [1]
(23, 42) <-> (24, 42) [3]
(23, 43) <-> (23, 44) [10]
(23, 43) <-> (24, 43) [3]
(23, 44) <-> (23, 45) [3]
(23, 45) <-> (24, 45) [10]
(23, 46) <-> (23, 47) [2]
(23, 46) <-> (24, 46) [6]
(23, 48) <-> (24, 48) [6]
(23, 49) <-> (24, 49) [2]
(24, 0) <-> (24, 1) [1]
(24, 1) <-> (25, 1) [9]
(24, 2) <-> (24, 3) [4]
(24, 2) <-> (25, 2) [4]
(24, 3) <-> (24, 4) [7]
(24, 5) <-> (24, 6) [7]
(24, 6) <-> (24, 7) [7]
(24, 7) <-> (25, 7) [9]
(24, 8) <-> (25, 8) [5]
(24, 9) <-> (25, 9) [8]
(24, 10) <-> (24, 11) [5]
(24, 10) <-> (25, 10) [6]
(24, 11) <-> (24, 12) [4]
(24, 12) <-> (25, 12) [3]
(24, 13) <-> (24, 14) [6]
(24, 13) <-> (25, 13) [7]
(24, 14) <-> (25, 14) [4]
(24, 15) <-> (24, 16) [10]
(24, 16) <-> (25, 16) [8]
(24, 17) <-> (24, 18) [5]
(24, 17) <-> (25, 17) [8]
(24, 18) <-> (25, 18) [9]
(24, 19) <-> (24, 20) [7]
(24, 19) <-> (25, 19) [4]
(24, 20) <-> (24, 21) [4]
(24, 20) <-> (25, 20) [8]
(24, 21) <-> (25, 21) [4]
(24, 22) <-> (24, 23) [1]
(24, 23) <-> (24, 24) [1]
(24, 24) <-> (24, 25) [10]
(24, 24) <-> (25, 24) [10]
(24, 26) <-> (24, 27) [7]
(24, 26) <-> (25, 26) [1]
(24, 27) <-> (25, 27) [9]
(24, 28) <-> (24, 29) [1]
(24, 28) <-> (25, 28) [1]
(24, 29) <-> (24, 30) [9]
(24, 30) <-> (24, 31) [10]
(24, 31) <-> (25, 31) [1]
(24, 32) <-> (24, 33) [7]
(24, 32) <-> (25, 32) [9]
(24, 33) <-> (24, 34) [10]
(24, 34) <-> (24, 35) [6]
(24, 34) <-> (25, 34) [2]
(24, 36) <-> (25, 36) [3]
(24, 37) <-> (25, 37) [9]
(24, 38) <-> (25, 38) [8]
(24, 39) <-> (24, 40) [9]
(24, 40) <-> (24, 41) [3]
(24, 40) <-> (25, 40) [2]
(24, 41) <-> (24, 42) [4]
(24, 42) <-> (25, 42) [4]
(24, 43) <-> (24, 44) [5]
(24, 44) <-> (24, 45) [3]
(24, 44) <-> (25, 44) [8]
(24, 45) <-> (25, 45) [5]
(24, 46) <-> (25, 46) [9]
(24, 47) <-> (24, 48) [6]
(24, 47) <-> (25, 47) [3]
(24, 48) <-> (24, 49) [10]
(24, 49) <-> (25, 49) [6]
(25, 0) <-> (26, 0) [8]
(25, 1) <-> (26, 1) [8]
(25, 2) <-> (26, 2) [5]
(25, 3) <-> (25, 4) [7]
(25, 3) <-> (26, 3) [7]
(25, 4) <-> (25, 5) [2]
(25, 5) <-> (25, 6) [2]
(25, 6) <-> (25, 7) [5]
(25, 6) <-> (26, 6) [9]
(25, 8) <-> (25, 9) [7]
(25, 9) <-> (26, 9) [8]
(25, 10) <-> (25, 11) [2]
(25, 11) <-> (26, 11) [7]
(25, 12) <-> (26, 12) [9]
(25, 13) <-> (26, 13) [10]
(25, 14) <-> (25, 15) [5]
(25, 14) <-> (26, 14) [4]
(25, 15) <-> (25, 16) [9]
(25, 15) <-> (26, 15) [8]
(25, 17) <-> (25, 18) [6]
(25, 17) <-> (26, 17) [4]
(25, 18) <-> (25, 19) [8]
(25, 19) <-> (25, 20) [6]
(25, 21) <-> (25, 22) [6]
(25, 22) <-> (25, 23) [2]
(25, 23) <-> (25, 24) [7]
(25, 23) <-> (26, 23) [5]
(25, 24) <-> (25, 25) [1]
(25, 24) <-> (26, 24) [4]
(25, 25) <-> (25, 26) [1]
(25, 26) <-> (25, 27) [6]
(25, 26) <-> (26, 26) [6]
(25, 27) <-> (26, 27) [4]
(25, 29) <-> (25, 30) [10]
(25, 29) <-> (26, 29) [3]
(25, 30) <-> (26, 30) [5]
(25, 31) <-> (26, 31) [10]
(25, 32) <-> (25, 33) [1]
(25, 32) <-> (26, 32) [4]
(25, 33) <-> (26, 33) [10]
(25, 34) <-> (25, 35) [8]
(25, 35) <-> (25, 36) [3]
(25, 35) <-> (26, 35) [3]
(25, 37) <-> (26, 37) [9]
(25, 38) <-> (25, 39) [3]
(25, 39) <-> (25, 40) [5]
(25, 41) <-> (26, 41) [3]
(25, 42) <-> (25, 43) [8]
(25, 42) <-> (26, 42) [9]
(25, 43) <-> (25, 44) [6]
(25, 43) <-> (26, 43) [2]
(25, 45) <-> (25, 46) [2]
(25, 45) <-> (26, 45) [5]
(25, 46) <-> (26, 46) [10]
(25, 47) <-> (25, 48) [1]
(25, 48) <-> (26, 48) [8]
(25, 49) <-> (26, 49) [6]
(26, 0) <-> (26, 1) [2]
(26, 0) <-> (27, 0) [9]
(26, 2) <-> (27, 2) [2]
(26, 3) <-> (26, 4) [7]
(26, 3) <-> (27, 3) [5]
(26, 4) <-> (26, 5) [2]
(26, 4) <-> (27, 4) [2]
(26, 5) <-> (26, 6) [3]
(26, 5) <-> (27, 5) [6]
(26, 6) <-> (26, 7) [9]
(26, 6) <-> (27, 6) [5]
(26, 7) <-> (26, 8) [5]
(26, 7) <-> (27, 7) [2]
(26, 8) <-> (26, 9) [7]
(26, 10) <-> (26, 11) [8]
(26, 10) <-> (27, 10) [3]
(26, 11) <-> (27, 11) [10]
(26, 12) <-> (26, 13) [9]
(26, 13) <-> (26, 14) [7]
(26, 14) <-> (27, 14) [10]
(26, 15) <-> (27, 15) [1]
(26, 16) <-> (26, 17) [2]
(26, 16) <-> (27, 16) [2]
(26, 17) <-> (26, 18) [4]
(26, 17) <-> (27, 17) [9]
(26, 18) <-> (26, 19) [9]
(26, 19) <-> (26, 20) [8]
(26, 20) <-> (26, 21) [8]
(26, 20) <-> (27, 20) [4]
(26, 21) <-> (26, 22) [1]
(26, 21) <-> (27, 21) [2]
(26, 22) <-> (27, 22) [8]
(26, 23) <-> (26, 24) [10]
(26, 24) <-> (26, 25) [5]
(26, 25) <-> (26, 26) [7]
(26, 26) <-> (27, 26) [6]
(26, 27) <-> (26, 28) [5]
(26, 27) <-> (27, 27) [4]
(26, 28) <-> (26, 29) [7]
(26, 29) <-> (26, 30) [8]
(26, 30) <-> (27, 30) [2]
(26, 31) <-> (26, 32) [7]
(26, 32) <-> (27, 32) [5]
(26, 33) <-> (26, 34) [7]
(26, 33) <-> (27, 33) [10]
(26, 34) <-> (26, 35) [4]
(26, 36) <-> (26, 37) [3]
(26, 36) <-> (27, 36) [6]
(26, 37) <-> (26, 38) [1]
(26, 37) <-> (27, 37) [9]
(26, 38) <-> (27, 38) [3]
(26, 39) <-> (26, 40) [4]
(26, 39) <-> (27, 39) [5]
(26, 40) <-> (26, 41) [9]
(26, 41) <-> (27, 41) [7]
(26, 42) <-> (26, 43) [10]
(26, 44) <-> (26, 45) [6]
(26, 44) <-> (27, 44) [7]
(26, 45) <-> (27, 45) [7]
(26, 46) <-> (26, 47) [1]
(26, 47) <-> (27, 47) [7]
(26, 48) <-> (27, 48) [3]
(26, 49) <-> (27, 49) [3]
(27, 0) <-> (28, 0) [10]
(27, 1) <-> (27, 2) [8]
(27, 1) <-> (28, 1) [1]
(27, 3) <-> (28, 3) [10]
(27, 4) <-> (28, 4) [4]
(27, 5) <-> (28, 5) [9]
(27, 6) <-> (27, 7) [10]
(27, 6) <-> (28, 6) [7]
(27, 7) <-> (27, 8) [10]
(27, 8) <-> (27, 9) [2]
(27, 9) <-> (28, 9) [3]
(27, 10) <-> (28, 10) [7]
(27, 12) <-> (27, 13) [7]
(27, 12) <-> (28, 12) [1]
(27, 13) <-> (27, 14) [9]
(27, 15) <-> (28, 15) [5]
(27, 16) <-> (28, 16) [5]
(27, 17) <-> (28, 17) [1]
(27, 18) <-> (27, 19) [3]
(27, 18) <-> (28, 18) [2]
(27, 19) <-> (28, 19) [4]
(27, 20) <-> (27, 21) [3]
(27, 20) <-> (28, 20) [2]
(27, 21) <-> (28, 21) [3]
(27, 22) <-> (27, 23) [6]
(27, 23) <-> (27, 24) [9]
(27, 24) <-> (27, 25) [2]
(27, 25) <-> (27, 26) [7]
(27, 25) <-> (28, 25) [9]
(27, 26) <-> (27, 27) [4]
(27, 26) <-> (28, 26) [6]
(27, 27) <-> (27, 28) [2]
(27, 27) <-> (28, 27) [6]
(27, 28) <-> (27, 29) [6]
(27, 29) <-> (27, 30) [9]
(27, 30) <-> (27, 31) [3]
(27, 31) <-> (28, 31) [9]
(27, 32) <-> (28, 32) [6]
(27, 33) <-> (27, 34) [5]
(27, 33) <-> (28, 33) [5]
(27, 34) <-> (27, 35) [4]
(27, 35) <-> (28, 35) [6]
(27, 36) <-> (27, 37) [7]
(27, 37) <-> (28, 37) [9]
(27, 38) <-> (28, 38) [4]
(27, 39) <-> (28, 39) [4]
(27, 40) <-> (28, 40) [4]
(27, 41) <-> (27, 42) [9]
(27, 41) <-> (28, 41) [3]
(27, 42) <-> (27, 43) [10]
(27, 42) <-> (28, 42) [2]
(27, 43) <-> (27, 44) [5]
(27, 44) <-> (28, 44) [5]
(27, 45) <-> (27, 46) [7]
(27, 45) <-> (28, 45) [6]
(27, 46) <-> (27, 47) [4]
(27, 48) <-> (27, 49) [1]
(27, 48) <-> (28, 48) [9]
(28, 0) <-> (29, 0) [9]
(28, 1) <-> (28, 2) [7]
(28, 2) <-> (29, 2) [9]
(28, 3) <-> (29, 3) [4]
(28, 4) <-> (29, 4) [1]
(28, 5) <-> (29, 5) [8]
(28, 6) <-> (29, 6) [1]
(28, 7) <-> (28, 8) [4]
(28, 7) <-> (29, 7) [10]
(28, 8) <-> (28, 9) [6]
(28, 10) <-> (28, 11) [8]
(28, 11) <-> (28, 12) [2]
(28, 12) <-> (28, 13) [1]
(28, 14) <-> (28, 15) [6]
(28, 14) <-> (29, 14) [5]
(28, 15) <-> (29, 15) [2]
(28, 16) <-> (28, 17) [6]
(28, 16) <-> (29, 16) [9]
(28, 18) <-> (29, 18) [2]
(28, 19) <-> (28, 20) [9]
(28, 19) <-> (29, 19) [4]
(28, 20) <-> (28, 21) [7]
(28, 22) <-> (29, 22) [1]
(28, 23) <-> (28, 24) [7]
(28, 23) <-> (29, 23) [5]
(28, 24) <-> (28, 25) [9]
(28, 26) <-> (29, 26) [6]
(28, 28) <-> (28, 29) [7]
(28, 28) <-> (29, 28) [5]
(28, 29) <-> (28, 30) [1]
(28, 30) <-> (28, 31) [1]
(28, 30) <-> (29, 30) [1]
(28, 31) <-> (29, 31) [8]
(28, 32) <-> (28, 33) [1]
(28, 32) <-> (29, 32) [4]
(28, 34) <-> (29, 34) [2]
(28, 35) <-> (28, 36) [3]
(28, 35) <-> (29, 35) [7]
(28, 36) <-> (29, 36) [7]
(28, 37) <-> (28, 38) [4]
(28, 37) <-> (29, 37) [8]
(28, 39) <-> (28, 40) [7]
(28, 39) <-> (29, 39) [3]
(28, 40) <-> (28, 41) [10]
(28, 42) <-> (28, 43) [3]
(28, 42) <-> (29, 42) [2]
(28, 43) <-> (29, 43) [7]
(28, 44) <-> (28, 45) [10]
(28, 45) <-> (28, 46) [5]
(28, 46) <-> (28, 47) [6]
(28, 47) <-> (29, 47) [4]
(28, 48) <-> (28, 49) [7]
(28, 49) <-> (29, 49) [3]
(29, 0) <-> (29, 1) [9]
(29, 0) <-> (30, 0) [2]
(29, 1) <-> (30, 1) [6]
(29, 2) <-> (30, 2) [6]
(29, 3) <-> (29, 4) [8]
(29, 3) <-> (30, 3) [2]
(29, 4) <-> (29, 5) [1]
(29, 4) <-> (30, 4) [6]
(29, 5) <-> (29, 6) [8]
(29, 6) <-> (30, 6) [3]
(29, 7) <-> (29, 8) [2]
(29, 7) <-> (30, 7) [10]
(29, 8) <-> (29, 9) [7]
(29, 9) <-> (29, 10) [3]
(29, 9) <-> (30, 9) [5]
(29, 10) <-> (29, 11) [3]
(29, 11) <-> (30, 11) [10]
(29, 12) <-> (29, 13) [8]
(29, 12) <-> (30, 12) [3]
(29, 13) <-> (29, 14) [2]
(29, 14) <-> (30, 14) [6]
(29, 15) <-> (29, 16) [1]
(29, 15) <-> (30, 15) [4]
(29, 16) <-> (29, 17) [2]
(29, 17) <-> (30, 17) [1]
(29, 18) <-> (29, 19) [2]
(29, 19) <-> (30, 19) [4]
(29, 20) <-> (29, 21) [3]
(29, 20) <-> (30, 20) [6]
(29, 21) <-> (30, 21) [10]
(29, 22) <-> (30, 22) [7]
(29, 23) <-> (29, 24) [5]
(29, 24) <-> (30, 24) [2]
(29, 25) <-> (29, 26) [2]
(29, 25) <-> (30, 25) [7]
(29, 26) <-> (29, 27) [7]
(29, 26) <-> (30, 26) [7]
(29, 27) <-> (29, 28) [2]
(29, 29) <-> (30, 29) [6]
(29, 30) <-> (30, 30) [6]
(29, 31) <-> (29, 32) [7]
(29, 31) <-> (30, 31) [9]
(29, 32) <-> (29, 33) [3]
(29, 32) <-> (30, 32) [5]
(29, 33) <-> (30, 33) [7]
(29, 34) <-> (29, 35) [10]
(29, 34) <-> (30, 34) [5]
(29, 35) <-> (29, 36) [5]
(29, 36) <-> (29, 37) [5]
(29, 37) <-> (29, 38) [5]
(29, 37) <-> (30, 37) [5]
(29, 38) <-> (29, 39) [9]
(29, 38) <-> (30, 38) [6]
(29, 40) <-> (29, 41) [1]
(29, 40) <-> (30, 40) [3]
(29, 41) <-> (29, 42) [9]
(29, 41) <-> (30, 41) [7]
(29, 42) <-> (30, 42) [8]
(29, 43) <-> (29, 44) [9]
(29, 43) <-> (30, 43) [8]
(29, 44) <-> (30, 44) [7]
(29, 45) <-> (29, 46) [9]
(29, 45) <-> (30, 45) [8]
(29, 46) <-> (29, 47) [10]
(29, 47) <-> (29, 48) [10]
(29, 48) <-> (29, 49) [9]
(29, 48) <-> (30, 48) [3]
(29, 49) <-> (30, 49) [3]
(30, 0) <-> (31, 0) [8]
(30, 1) <-> (31, 1) [1]
(30, 2) <-> (31, 2) [4]
(30, 3) <-> (30, 4) [10]
(30, 3) <-> (31, 3) [3]
(30, 4) <-> (30, 5) [10]
(30, 4) <-> (31, 4) [9]
(30, 5) <-> (31, 5) [5]
(30, 6) <-> (31, 6) [1]
(30, 7) <-> (30, 8) [9]
(30, 8) <-> (31, 8) [2]
(30, 9) <-> (31, 9) [7]
(30, 10) <-> (30, 11) [2]
(30, 10) <-> (31, 10) [4]
(30, 11) <-> (31, 11) [2]
(30, 12) <-> (31, 12) [5]
(30, 13) <-> (31, 13) [9]
(30, 14) <-> (31, 14) [2]
(30, 15) <-> (31, 15) [6]
(30, 16) <-> (30, 17) [9]
(30, 16) <-> (31, 16) [6]
(30, 17) <-> (30, 18) [10]
(30, 19) <-> (30, 20) [1]
(30, 21) <-> (30, 22) [3]
(30, 21) <-> (31, 21) [6]
(30, 22) <-> (30, 23) [8]
(30, 23) <-> (30, 24) [10]
(30, 24) <-> (30, 25) [9]
(30, 25) <-> (31, 25) [10]
(30, 26) <-> (30, 27) [1]
(30, 26) <-> (31, 26) [8]
(30, 27) <-> (31, 27) [2]
(30, 28) <-> (30, 29) [9]
(30, 28) <-> (31, 28) [1]
(30, 29) <-> (30, 30) [10]
(30, 31) <-> (30, 32) [8]
(30, 32) <-> (31, 32) [7]
(30, 33) <-> (30, 34) [8]
(30, 34) <-> (31, 34) [10]
(30, 35) <-> (30, 36) [5]
(30, 35) <-> (31, 35) [6]
(30, 36) <-> (31, 36) [9]
(30, 38) <-> (30, 39) [8]
(30, 39) <-> (31, 39) [1]
(30, 40) <-> (30, 41) [5]
(30, 40) <-> (31, 40) [8]
(30, 41) <-> (30, 42) [1]
(30, 43) <-> (31, 43) [1]
(30, 44) <-> (30, 45) [8]
(30, 46) <-> (30, 47) [2]
(30, 46) <-> (31, 46) [3]
(30, 47) <-> (31, 47) [6]
(30, 48) <-> (31, 48) [10]
(31, 0) <-> (32, 0) [5]
(31, 1) <-> (32, 1) [5]
(31, 2) <-> (31, 3) [9]
(31, 2) <-> (32, 2) [7]
(31, 4) <-> (32, 4) [1]
(31, 5) <-> (31, 6) [4]
(31, 5) <-> (32, 5) [10]
(31, 6) <-> (31, 7) [6]
(31, 7) <-> (31, 8) [4]
(31, 7) <-> (32, 7) [2]
(31, 8) <-> (31, 9) [8]
(31, 9) <-> (31, 10) [2]
(31, 10) <-> (32, 10) [3]
(31, 11) <-> (32, 11) [6]
(31, 12) <-> (32, 12) [3]
(31, 13) <-> (32, 13) [8]
(31, 14) <-> (32, 14) [8]
(31, 15) <-> (32, 15) [1]
(31, 16) <-> (31, 17) [4]
(31, 17) <-> (31, 18) [10]
(31, 18) <-> (31, 19) [8]
(31, 18) <-> (32, 18) [4]
(31, 19) <-> (31, 20) [7]
(31, 19) <-> (32, 19) [9]
(31, 21) <-> (32, 21) [2]
(31, 22) <-> (31, 23) [9]
(31, 22) <-> (32, 22) [5]
(31, 23) <-> (31, 24) [10]
(31, 24) <-> (31, 25) [10]
(31, 25) <-> (32, 25) [6]
(31, 26) <-> (31, 27) [9]
(31, 26) <-> (32, 26) [6]
(31, 27) <-> (32, 27) [9]
(31, 28) <-> (32, 28) [1]
(31, 29) <-> (32, 29) [7]
(31, 30) <-> (31, 31) [9]
(31, 30) <-> (32, 30) [4]
(31, 31) <-> (31, 32) [7]
(31, 31) <-> (32, 31) [4]
(31, 33) <-> (31, 34) [6]
(31, 33) <-> (32, 33) [7]
(31, 35) <-> (32, 35) [7]
(31, 36) <-> (32, 36) [4]
(31, 37) <-> (31, 38) [2]
(31, 37) <-> (32, 37) [1]
(31, 38) <-> (31, 39) [1]
(31, 39) <-> (31, 40) [7]
(31, 40) <-> (32, 40) [3]
(31, 41) <-> (31, 42) [2]
(31, 41) <-> (32, 41) [9]
(31, 42) <-> (32, 42) [5]
(31, 43) <-> (31, 44) [10]
(31, 44) <-> (31, 45) [5]
(31, 45) <-> (31, 46) [2]
(31, 47) <-> (32, 47) [9]
(31, 48) <-> (31, 49) [6]
(31, 48) <-> (32, 48) [3]
(31, 49) <-> (32, 49) [9]
(32, 0) <-> (33, 0) [9]
(32, 1) <-> (32, 2) [10]
(32, 3) <-> (32, 4) [5]
(32, 3) <-> (33, 3) [2]
(32, 5) <-> (33, 5) [9]
(32, 6) <-> (32, 7) [2]
(32, 7) <-> (32, 8) [1]
(32, 7) <-> (33, 7) [7]
(32, 8) <-> (32, 9) [8]
(32, 8) <-> (33, 8) [9]
(32, 9) <-> (32, 10) [10]
(32, 9) <-> (33, 9) [3]
(32, 10) <-> (32, 11) [9]
(32, 10) <-> (33, 10) [6]
(32, 11) <-> (33, 11) [9]
(32, 12) <-> (32, 13) [9]
(32, 12) <-> (33, 12) [3]
(32, 13) <-> (33, 13) [4]
(32, 14) <-> (33, 14) [5]
(32, 15) <-> (32, 16) [1]
(32, 15) <-> (33, 15) [4]
(32, 16) <-> (33, 16) [8]
(32, 17) <-> (33, 17) [2]
(32, 18) <-> (33, 18) [3]
(32, 19) <-> (33, 19) [2]
(32, 20) <-> (32, 21) [10]
(32, 20) <-> (33, 20) [5]
(32, 22) <-> (32, 23) [4]
(32, 23) <-> (33, 23) [4]
(32, 24) <-> (32, 25) [9]
(32, 25) <-> (32, 26) [7]
(32, 26) <-> (33, 26) [10]
(32, 27) <-> (33, 27) [5]
(32, 28) <-> (33, 28) [1]
(32, 29) <-> (32, 30) [10]
(32, 29) <-> (33, 29) [7]
(32, 30) <-> (33, 30) [2]
(32, 31) <-> (32, 32) [1]
(32, 32) <-> (33, 32) [10]
(32, 33) <-> (32, 34) [6]
(32, 34) <-> (32, 35) [2]
(32, 34) <-> (33, 34) [1]
(32, 35) <-> (33, 35) [8]
(32, 36) <-> (32, 37) [9]
(32, 36) <-> (33, 36) [5]
(32, 38) <-> (32, 39) [9]
(32, 38) <-> (33, 38) [6]
(32, 39) <-> (32, 40) [3]
(32, 40) <-> (33, 40) [4]
(32, 41) <-> (32, 42) [10]
(32, 41) <-> (33, 41) [3]
(32, 42) <-> (32, 43) [3]
(32, 42) <-> (33, 42) [5]
(32, 43) <-> (32, 44) [8]
(32, 44) <-> (33, 44) [5]
(32, 45) <-> (32, 46) [7]
(32, 45) <-> (33, 45) [7]
(32, 46) <-> (32, 47) [7]
(32, 47) <-> (32, 48) [10]
(32, 48) <-> (32, 49) [5]
(32, 49) <-> (33, 49) [3]
(33, 0) <-> (33, 1) [4]
(33, 1) <-> (33, 2) [4]
(33, 2) <-> (34, 2) [7]
(33, 3) <-> (33, 4) [2]
(33, 4) <-> (33, 5) [3]
(33, 5) <-> (33, 6) [5]
(33, 5) <-> (34, 5) [7]
(33, 6) <-> (33, 7) [5]
(33, 6) <-> (34, 6) [2]
(33, 7) <-> (33, 8) [10]
(33, 7) <-> (34, 7) [5]
(33, 8) <-> (33, 9) [2]
(33, 8) <-> (34, 8) [3]
(33, 9) <-> (33, 10) [7]
(33, 10) <-> (33, 11) [7]
(33, 10) <-> (34, 10) [7]
(33, 12) <-> (33, 13) [1]
(33, 12) <-> (34, 12) [10]
(33, 13) <-> (33, 14) [7]
(33, 14) <-> (33, 15) [9]
(33, 16) <-> (34, 16) [6]
(33, 17) <-> (33, 18) [6]
(33, 17) <-> (34, 17) [6]
(33, 18) <-> (34, 18) [8]
(33, 19) <-> (34, 19) [7]
(33, 20) <-> (33, 21) [4]
(33, 21) <-> (33, 22) [4]
(33, 22) <-> (34, 22) [10]
(33, 23) <-> (33, 24) [5]
(33, 23) <-> (34, 23) [8]
(33, 24) <-> (33, 25) [3]
(33, 25) <-> (33, 26) [9]
(33, 25) <-> (34, 25) [1]
(33, 26) <-> (34, 26) [9]
(33, 27) <-> (33, 28) [10]
(33, 28) <-> (34, 28) [5]
(33, 29) <-> (33, 30) [3]
(33, 30) <-> (34, 30) [7]
(33, 31) <-> (33, 32) [3]
(33, 31) <-> (34, 31) [1]
(33, 32) <-> (33, 33) [6]
(33, 34) <-> (33, 35) [9]
(33, 34) <-> (34, 34) [1]
(33, 35) <-> (33, 36) [6]
(33, 36) <-> (33, 37) [3]
(33, 37) <-> (33, 38) [8]
(33, 38) <-> (33, 39) [1]
(33, 39) <-> (34, 39) [8]
(33, 40) <-> (33, 41) [6]
(33, 40) <-> (34, 40) [9]
(33, 42) <-> (33, 43) [1]
(33, 43) <-> (33, 44) [5]
(33, 43) <-> (34, 43) [6]
(33, 44) <-> (34, 44) [5]
(33, 45) <-> (34, 45) [6]
(33, 46) <-> (33, 47) [2]
(33, 46) <-> (34, 46) [1]
(33, 47) <-> (33, 48) [10]
(33, 48) <-> (34, 48) [2]
(33, 49) <-> (34, 49) [3]
(34, 0) <-> (34, 1) [4]
(34, 0) <-> (35, 0) [9]
(34, 1) <-> (35, 1) [3]
(34, 2) <-> (35, 2) [8]
(34, 3) <-> (34, 4) [9]
(34, 3) <-> (35, 3) [3]
(34, 4) <-> (34, 5) [9]
(34, 5) <-> (35, 5) [4]
(34, 6) <-> (34, 7) [5]
(34, 6) <-> (35, 6) [8]
(34, 7) <-> (34, 8) [1]
(34, 9) <-> (34, 10) [4]
(34, 10) <-> (34, 11) [4]
(34, 11) <-> (35, 11) [2]
(34, 12) <-> (34, 13) [9]
(34, 13) <-> (34, 14) [2]
(34, 14) <-> (34, 15) [3]
(34, 14) <-> (35, 14) [5]
(34, 15) <-> (34, 16) [4]
(34, 15) <-> (35, 15) [7]
(34, 16) <-> (35, 16) [5]
(34, 17) <-> (35, 17) [2]
(34, 18) <-> (35, 18) [6]
(34, 19) <-> (34, 20) [10]
(34, 20) <-> (34, 21) [10]
(34, 20) <-> (35, 20) [2]
(34, 21) <-> (35, 21) [4]
(34, 22) <-> (34, 23) [5]
(34, 22) <-> (35, 22) [1]
(34, 23) <-> (34, 24) [2]
(34, 24) <-> (35, 24) [1]
(34, 25) <-> (34, 26) [2]
(34, 26) <-> (34, 27) [4]
(34, 27) <-> (35, 27) [7]
(34, 28) <-> (34, 29) [7]
(34, 29) <-> (35, 29) [1]
(34, 30) <-> (34, 31) [9]
(34, 32) <-> (34, 33) [5]
(34, 32) <-> (35, 32) [5]
(34, 33) <-> (35, 33) [4]
(34, 34) <-> (35, 34) [9]
(34, 35) <-> (34, 36) [6]
(34, 35) <-> (35, 35) [10]
(34, 36) <-> (34, 37) [5]
(34, 37) <-> (34, 38) [6]
(34, 38) <-> (34, 39) [4]
(34, 39) <-> (34, 40) [7]
(34, 39) <-> (35, 39) [10]
(34, 41) <-> (34, 42) [2]
(34, 41) <-> (35, 41) [10]
(34, 42) <-> (34, 43) [3]
(34, 44) <-> (35, 44) [3]
(34, 45) <-> (34, 46) [6]
(34, 47) <-> (34, 48) [10]
(34, 47) <-> (35, 47) [10]
(34, 48) <-> (35, 48) [9]
(34, 49) <-> (35, 49) [8]
(35, 0) <-> (36, 0) [2]
(35, 1) <-> (36, 1) [1]
(35, 2) <-> (35, 3) [7]
(35, 2) <-> (36, 2) [3]
(35, 3) <-> (35, 4) [10]
(35, 3) <-> (36, 3) [8]
(35, 4) <-> (36, 4) [6]
(35, 5) <-> (36, 5) [10]
(35, 6) <-> (36, 6) [1]
(35, 7) <-> (35, 8) [8]
(35, 7) <-> (36, 7) [1]
(35, 8) <-> (35, 9) [5]
(35, 9) <-> (35, 10) [5]
(35, 10) <-> (36, 10) [9]
(35, 11) <-> (35, 12) [10]
(35, 12) <-> (36, 12) [4]
(35, 13) <-> (36, 13) [8]
(35, 14) <-> (36, 14) [8]
(35, 15) <-> (36, 15) [9]
(35, 16) <-> (35, 17) [3]
(35, 16) <-> (36, 16) [7]
(35, 17) <-> (35, 18) [8]
(35, 17) <-> (36, 17) [9]
(35, 18) <-> (35, 19) [9]
(35, 18) <-> (36, 18) [6]
(35, 19) <-> (36, 19) [3]
(35, 20) <-> (35, 21) [8]
(35, 21) <-> (35, 22) [7]
(35, 21) <-> (36, 21) [1]
(35, 22) <-> (35, 23) [8]
(35, 23) <-> (35, 24) [4]
(35, 24) <-> (35, 25) [10]
(35, 25) <-> (36, 25) [4]
(35, 26) <-> (36, 26) [10]
(35, 27) <-> (35, 28) [7]
(35, 28) <-> (35, 29) [1]
(35, 28) <-> (36, 28) [5]
(35, 29) <-> (35, 30) [2]
(35, 30) <-> (35, 31) [7]
(35, 30) <-> (36, 30) [3]
(35, 31) <-> (35, 32) [9]
(35, 31) <-> (36, 31) [7]
(35, 33) <-> (35, 34) [9]
(35, 35) <-> (35, 36) [6]
(35, 35) <-> (36, 35) [5]
(35, 36) <-> (35, 37) [8]
(35, 37) <-> (35, 38) [1]
(35, 38) <-> (35, 39) [3]
(35, 39) <-> (36, 39) [9]
(35, 40) <-> (35, 41) [6]
(35, 40) <-> (36, 40) [6]
(35, 42) <-> (35, 43) [7]
(35, 42) <-> (36, 42) [9]
(35, 44) <-> (36, 44) [7]
(35, 45) <-> (35, 46) [2]
(35, 45) <-> (36, 45) [10]
(35, 46) <-> (35, 47) [3]
(35, 47) <-> (36, 47) [6]
(35, 48) <-> (36, 48) [4]
(35, 49) <-> (36, 49) [7]
(36, 0) <-> (37, 0) [2]
(36, 1) <-> (37, 1) [4]
(36, 2) <-> (37, 2) [5]
(36, 3) <-> (37, 3) [6]
(36, 4) <-> (36, 5) [6]
(36, 4) <-> (37, 4) [2]
(36, 5) <-> (36, 6) [6]
(36, 6) <-> (36, 7) [5]
(36, 6) <-> (37, 6) [3]
(36, 7) <-> (36, 8) [9]
(36, 8) <-> (37, 8) [6]
(36, 9) <-> (37, 9) [9]
(36, 10) <-> (36, 11) [9]
(36, 11) <-> (36, 12) [7]
(36, 11) <-> (37, 11) [9]
(36, 12) <-> (36, 13) [8]
(36, 14) <-> (36, 15) [2]
(36, 14) <-> (37, 14) [7]
(36, 16) <-> (37, 16) [10]
(36, 17) <-> (36, 18) [2]
(36, 17) <-> (37, 17) [9]
(36, 18) <-> (37, 18) [1]
(36, 19) <-> (36, 20) [2]
(36, 20) <-> (37, 20) [3]
(36, 21) <-> (36, 22) [9]
(36, 21) <-> (37, 21) [9]
(36, 22) <-> (36, 23) [8]
(36, 23) <-> (36, 24) [5]
(36, 23) <-> (37, 23) [2]
(36, 24) <-> (36, 25) [5]
(36, 25) <-> (36, 26) [4]
(36, 26) <-> (36, 27) [4]
(36, 26) <-> (37, 26) [7]
(36, 27) <-> (37, 27) [2]
(36, 28) <-> (37, 28) [10]
(36, 29) <-> (36, 30) [2]
(36, 30) <-> (37, 30) [9]
(36, 31) <-> (36, 32) [5]
(36, 32) <-> (37, 32) [10]
(36, 33) <-> (36, 34) [7]
(36, 33) <-> (37, 33) [4]
(36, 34) <-> (37, 34) [4]
(36, 35) <-> (37, 35) [9]
(36, 36) <-> (36, 37) [6]
(36, 36) <-> (37, 36) [1]
(36, 37) <-> (37, 37) [1]
(36, 38) <-> (36, 39) [7]
(36, 38) <-> (37, 38) [4]
(36, 39) <-> (37, 39) [4]
(36, 40) <-> (37, 40) [8]
(36, 41) <-> (36, 42) [8]
(36, 42) <-> (37, 42) [9]
(36, 43) <-> (36, 44) [7]
(36, 43) <-> (37, 43) [10]
(36, 45) <-> (36, 46) [4]
(36, 46) <-> (36, 47) [7]
(36, 46) <-> (37, 46) [10]
(36, 47) <-> (37, 47) [3]
(36, 49) <-> (37, 49) [4]
(37, 0) <-> (38, 0) [10]
(37, 1) <-> (38, 1) [10]
(37, 2) <-> (37, 3) [1]
(37, 4) <-> (37, 5) [7]
(37, 4) <-> (38, 4) [8]
(37, 5) <-> (37, 6) [5]
(37, 5) <-> (38, 5) [4]
(37, 7) <-> (37, 8) [7]
(37, 7) <-> (38, 7) [3]
(37, 9) <-> (37, 10) [5]
(37, 9) <-> (38, 9) [9]
(37, 10) <-> (37, 11) [8]
(37, 12) <-> (37, 13) [9]
(37, 12) <-> (38, 12) [4]
(37, 13) <-> (38, 13) [9]
(37, 14) <-> (37, 15) [2]
(37, 14) <-> (38, 14) [10]
(37, 15) <-> (38, 15) [6]
(37, 16) <-> (38, 16) [10]
(37, 17) <-> (37, 18) [10]
(37, 18) <-> (38, 18) [6]
(37, 19) <-> (38, 19) [8]
(37, 20) <-> (37, 21) [7]
(37, 21) <-> (37, 22) [10]
(37, 22) <-> (37, 23) [2]
(37, 22) <-> (38, 22) [4]
(37, 23) <-> (37, 24) [10]
(37, 23) <-> (38, 23) [5]
(37, 24) <-> (37, 25) [8]
(37, 25) <-> (37, 26) [7]
(37, 26) <-> (38, 26) [1]
(37, 27) <-> (38, 27) [7]
(37, 28) <-> (37, 29) [3]
(37, 29) <-> (38, 29) [2]
(37, 30) <-> (37, 31) [10]
(37, 31) <-> (37, 32) [4]
(37, 34) <-> (38, 34) [5]
(37, 35) <-> (38, 35) [9]
(37, 36) <-> (38, 36) [8]
(37, 37) <-> (37, 38) [10]
(37, 38) <-> (38, 38) [7]
(37, 39) <-> (38, 39) [6]
(37, 40) <-> (37, 41) [6]
(37, 40) <-> (38, 40) [4]
(37, 41) <-> (37, 42) [4]
(37, 41) <-> (38, 41) [1]
(37, 42) <-> (38, 42) [9]
(37, 43) <-> (37, 44) [4]
(37, 43) <-> (38, 43) [4]
(37, 44) <-> (37, 45) [9]
(37, 44) <-> (38, 44) [1]
(37, 45) <-> (37, 46) [10]
(37, 46) <-> (37, 47) [4]
(37, 48) <-> (37, 49) [4]
(37, 48) <-> (38, 48) [5]
(37, 49) <-> (38, 49) [4]
(38, 0) <-> (39, 0) [9]
(38, 1) <-> (38, 2) [2]
(38, 1) <-> (39, 1) [4]
(38, 2) <-> (38, 3) [1]
(38, 3) <-> (39, 3) [2]
(38, 4) <-> (39, 4) [3]
(38, 6) <-> (38, 7) [9]
(38, 6) <-> (39, 6) [4]
(38, 8) <-> (38, 9) [1]
(38, 8) <-> (39, 8) [8]
(38, 9) <-> (38, 10) [3]
(38, 9) <-> (39, 9) [3]
(38, 10) <-> (38, 11) [2]
(38, 10) <-> (39, 10) [9]
(38, 11) <-> (39, 11) [8]
(38, 12) <-> (39, 12) [1]
(38, 13) <-> (38, 14) [5]
(38, 13) <-> (39, 13) [4]
(38, 14) <-> (38, 15) [1]
(38, 15) <-> (38, 16) [5]
(38, 15) <-> (39, 15) [9]
(38, 16) <-> (39, 16) [10]
(38, 17) <-> (39, 17) [6]
(38, 18) <-> (38, 19) [9]
(38, 19) <-> (38, 20) [3]
(38, 20) <-> (39, 20) [7]
(38, 21) <-> (38, 22) [1]
(38, 22) <-> (38, 23) [1]
(38, 23) <-> (38, 24) [6]
(38, 23) <-> (39, 23) [5]
(38, 24) <-> (38, 25) [7]
(38, 25) <-> (38, 26) [1]
(38, 26) <-> (39, 26) [3]
(38, 27) <-> (39, 27) [5]
(38, 28) <-> (38, 29) [2]
(38, 28) <-> (39, 28) [1]
(38, 30) <-> (38, 31) [2]
(38, 30) <-> (39, 30) [2]
(38, 31) <-> (38, 32) [9]
(38, 32) <-> (38, 33) [3]
(38, 32) <-> (39, 32) [6]
(38, 33) <-> (39, 33) [9]
(38, 34) <-> (39, 34) [7]
(38, 35) <-> (39, 35) [7]
(38, 36) <-> (39, 36) [9]
(38, 37) <-> (38, 38) [6]
(38, 37) <-> (39, 37) [2]
(38, 38) <-> (38, 39) [3]
(38, 41) <-> (39, 41) [5]
(38, 42) <-> (38, 43) [7]
(38, 43) <-> (38, 44) [7]
(38, 45) <-> (38, 46) [3]
(38, 45) <-> (39, 45) [5]
(38, 46) <-> (38, 47) [2]
(38, 47) <-> (38, 48) [3]
(38, 49) <-> (39, 49) [3]
(39, 0) <-> (40, 0) [8]
(39, 1) <-> (39, 2) [2]
(39, 1) <-> (40, 1) [9]
(39, 2) <-> (39, 3) [4]
(39, 4) <-> (39, 5) [7]
(39, 5) <-> (39, 6) [8]
(39, 6) <-> (40, 6) [2]
(39, 7) <-> (39, 8) [4]
(39, 7) <-> (40, 7) [2]
(39, 8) <-> (39, 9) [7]
(39, 9) <-> (39, 10) [7]
(39, 10) <-> (40, 10) [10]
(39, 11) <-> (39, 12) [7]
(39, 13) <-> (39, 14) [5]
(39, 14) <-> (40, 14) [9]
(39, 15) <-> (39, 16) [10]
(39, 16) <-> (39, 17) [2]
(39, 17) <-> (39, 18) [7]
(39, 17) <-> (40, 17) [6]
(39, 18) <-> (39, 19) [6]
(39, 18) <-> (40, 18) [9]
(39, 20) <-> (39, 21) [9]
(39, 21) <-> (39, 22) [10]
(39, 22) <-> (40, 22) [7]
(39, 23) <-> (40, 23) [4]
(39, 24) <-> (39, 25) [9]
(39, 24) <-> (40, 24) [2]
(39, 25) <-> (40, 25) [4]
(39, 26) <-> (39, 27) [3]
(39, 27) <-> (40, 27) [10]
(39, 28) <-> (39, 29) [3]
(39, 29) <-> (40, 29) [6]
(39, 30) <-> (39, 31) [10]
(39, 30) <-> (40, 30) [4]
(39, 31) <-> (39, 32) [4]
(39, 33) <-> (39, 34) [1]
(39, 35) <-> (40, 35) [6]
(39, 36) <-> (39, 37) [8]
(39, 36) <-> (40, 36) [10]
(39, 37) <-> (39, 38) [2]
(39, 37) <-> (40, 37) [9]
(39, 38) <-> (40, 38) [8]
(39, 39) <-> (39, 40) [3]
(39, 39) <-> (40, 39) [2]
(39, 40) <-> (39, 41) [3]
(39, 40) <-> (40, 40) [6]
(39, 42) <-> (39, 43) [8]
(39, 42) <-> (40, 42) [4]
(39, 43) <-> (40, 43) [3]
(39, 44) <-> (39, 45) [6]
(39, 44) <-> (40, 44) [7]
(39, 46) <-> (39, 47) [9]
(39, 46) <-> (40, 46) [5]
(39, 47) <-> (40, 47) [2]
(39, 48) <-> (39, 49) [3]
(39, 48) <-> (40, 48) [8]
(39, 49) <-> (40, 49) [4]
(40, 0) <-> (41, 0) [5]
(40, 1) <-> (40, 2) [3]
(40, 2) <-> (40, 3) [7]
(40, 3) <-> (40, 4) [7]
(40, 3) <-> (41, 3) [1]
(40, 4) <-> (40, 5) [5]
(40, 5) <-> (40, 6) [2]
(40, 6) <-> (41, 6) [6]
(40, 7) <-> (40, 8) [6]
(40, 7) <-> (41, 7) [5]
(40, 8) <-> (41, 8) [6]
(40, 9) <-> (40, 10) [1]
(40, 9) <-> (41, 9) [8]
(40, 10) <-> (40, 11) [3]
(40, 11) <-> (41, 11) [6]
(40, 12) <-> (40, 13) [8]
(40, 12) <-> (41, 12) [4]
(40, 13) <-> (40, 14) [4]
(40, 13) <-> (41, 13) [2]
(40, 14) <-> (40, 15) [7]
(40, 15) <-> (40, 16) [8]
(40, 15) <-> (41, 15) [3]
(40, 16) <-> (41, 16) [6]
(40, 18) <-> (41, 18) [4]
(40, 19) <-> (40, 20) [5]
(40, 19) <-> (41, 19) [7]
(40, 20) <-> (40, 21) [9]
(40, 21) <-> (41, 21) [1]
(40, 22) <-> (40, 23) [8]
(40, 22) <-> (41, 22) [4]
(40, 23) <-> (40, 24) [3]
(40, 24) <-> (41, 24) [10]
(40, 25) <-> (40, 26) [5]
(40, 25) <-> (41, 25) [6]
(40, 26) <-> (40, 27) [2]
(40, 26) <-> (41, 26) [3]
(40, 28) <-> (40, 29) [9]
(40, 28) <-> (41, 28) [7]
(40, 29) <-> (41, 29) [6]
(40, 30) <-> (40, 31) [6]
(40, 30) <-> (41, 30) [6]
(40, 31) <-> (40, 32) [5]
(40, 32) <-> (40, 33) [7]
(40, 32) <-> (41, 32) [4]
(40, 33) <-> (40, 34) [4]
(40, 34) <-> (40, 35) [9]
(40, 36) <-> (40, 37) [5]
(40, 37) <-> (41, 37) [1]
(40, 38) <-> (40, 39) [4]
(40, 38) <-> (41, 38) [9]
(40, 39) <-> (40, 40) [5]
(40, 40) <-> (41, 40) [5]
(40, 41) <-> (40, 42) [9]
(40, 41) <-> (41, 41) [7]
(40, 42) <-> (40, 43) [7]
(40, 43) <-> (40, 44) [2]
(40, 45) <-> (40, 46) [10]
(40, 45) <-> (41, 45) [9]
(40, 46) <-> (41, 46) [3]
(40, 47) <-> (40, 48) [8]
(40, 49) <-> (41, 49) [1]
(41, 0) <-> (41, 1) [7]
(41, 0) <-> (42, 0) [8]
(41, 1) <-> (42, 1) [7]
(41, 2) <-> (42, 2) [8]
(41, 3) <-> (41, 4) [2]
(41, 4) <-> (42, 4) [6]
(41, 5) <-> (42, 5) [9]
(41, 6) <-> (41, 7) [10]
(41, 6) <-> (42, 6) [6]
(41, 7) <-> (42, 7) [2]
(41, 8) <-> (42, 8) [3]
(41, 10) <-> (41, 11) [7]
(41, 10) <-> (42, 10) [8]
(41, 12) <-> (42, 12) [7]
(41, 13) <-> (42, 13) [6]
(41, 14) <-> (41, 15) [6]
(41, 14) <-> (42, 14) [2]
(41, 16) <-> (41, 17) [6]
(41, 16) <-> (42, 16) [1]
(41, 17) <-> (42, 17) [1]
(41, 18) <-> (41, 19) [10]
(41, 18) <-> (42, 18) [1]
(41, 19) <-> (41, 20) [6]
(41, 20) <-> (42, 20) [6]
(41, 21) <-> (41, 22) [8]
(41, 23) <-> (41, 24) [2]
(41, 23) <-> (42, 23) [5]
(41, 25) <-> (41, 26) [10]
(41, 26) <-> (41, 27) [2]
(41, 26) <-> (42, 26) [1]
(41, 27) <-> (41, 28) [3]
(41, 29) <-> (42, 29) [4]
(41, 30) <-> (41, 31) [2]
(41, 31) <-> (42, 31) [1]
(41, 32) <-> (41, 33) [4]
(41, 33) <-> (41, 34) [5]
(41, 33) <-> (42, 33) [8]
(41, 34) <-> (42, 34) [9]
(41, 35) <-> (41, 36) [2]
(41, 35) <-> (42, 35) [7]
(41, 36) <-> (41, 37) [3]
(41, 36) <-> (42, 36) [10]
(41, 37) <-> (42, 37) [2]
(41, 38) <-> (42, 38) [2]
(41, 39) <-> (41, 40) [6]
(41, 39) <-> (42, 39) [5]
(41, 41) <-> (41, 42) [7]
(41, 42) <-> (41, 43) [10]
(41, 42) <-> (42, 42) [6]
(41, 43) <-> (41, 44) [1]
(41, 44) <-> (42, 44) [6]
(41, 45) <-> (41, 46) [8]
(41, 46) <-> (42, 46) [1]
(41, 47) <-> (41, 48) [5]
(41, 47) <-> (42, 47) [5]
(41, 48) <-> (42, 48) [9]
(41, 49) <-> (42, 49) [6]
(42, 0) <-> (42, 1) [2]
(42, 0) <-> (43, 0) [10]
(42, 2) <-> (42, 3) [4]
(42, 2) <-> (43, 2) [7]
(42, 3) <-> (43, 3) [2]
(42, 4) <-> (43, 4) [5]
(42, 5) <-> (42, 6) [8]
(42, 6) <-> (42, 7) [8]
(42, 6) <-> (43, 6) [8]
(42, 7) <-> (43, 7) [5]
(42, 8) <-> (42, 9) [6]
(42, 9) <-> (43, 9) [10]
(42, 10) <-> (42, 11) [7]
(42, 10) <-> (43, 10) [8]
(42, 11) <-> (43, 11) [5]
(42, 12) <-> (42, 13) [7]
(42, 13) <-> (42, 14) [1]
(42, 15) <-> (43, 15) [6]
(42, 16) <-> (42, 17) [10]
(42, 16) <-> (43, 16) [6]
(42, 18) <-> (43, 18) [8]
(42, 19) <-> (42, 20) [7]
(42, 19) <-> (43, 19) [6]
(42, 20) <-> (42, 21) [2]
(42, 21) <-> (42, 22) [7]
(42, 22) <-> (43, 22) [1]
(42, 23) <-> (43, 23) [4]
(42, 24) <-> (42, 25) [7]
(42, 24) <-> (43, 24) [10]
(42, 25) <-> (42, 26) [1]
(42, 25) <-> (43, 25) [10]
(42, 26) <-> (42, 27) [9]
(42, 27) <-> (42, 28) [7]
(42, 27) <-> (43, 27) [10]
(42, 28) <-> (42, 29) [10]
(42, 29) <-> (42, 30) [7]
(42, 30) <-> (43, 30) [10]
(42, 31) <-> (42, 32) [9]
(42, 31) <-> (43, 31) [3]
(42, 32) <-> (42, 33) [7]
(42, 32) <-> (43, 32) [9]
(42, 33) <-> (43, 33) [3]
(42, 34) <-> (42, 35) [10]
(42, 34) <-> (43, 34) [4]
(42, 36) <-> (42, 37) [5]
(42, 37) <-> (42, 38) [4]
(42, 38) <-> (43, 38) [1]
(42, 39) <-> (43, 39) [1]
(42, 40) <-> (42, 41) [6]
(42, 40) <-> (43, 40) [8]
(42, 41) <-> (42, 42) [1]
(42, 42) <-> (42, 43) [2]
(42, 42) <-> (43, 42) [4]
(42, 43) <-> (42, 44) [7]
(42, 43) <-> (43, 43) [9]
(42, 45) <-> (42, 46) [6]
(42, 45) <-> (43, 45) [6]
(42, 46) <-> (42, 47) [10]
(42, 47) <-> (42, 48) [9]
(42, 48) <-> (42, 49) [5]
(42, 49) <-> (43, 49) [3]
(43, 0) <-> (43, 1) [6]
(43, 1) <-> (43, 2) [5]
(43, 1) <-> (44, 1) [9]
(43, 4) <-> (43, 5) [9]
(43, 5) <-> (44, 5) [4]
(43, 6) <-> (43, 7) [2]
(43, 6) <-> (44, 6) [6]
(43, 8) <-> (44, 8) [4]
(43, 9) <-> (44, 9) [9]
(43, 11) <-> (43, 12) [5]
(43, 11) <-> (44, 11) [4]
(43, 12) <-> (44, 12) [1]
(43, 13) <-> (43, 14) [7]
(43, 14) <-> (43, 15) [6]
(43, 15) <-> (43, 16) [10]
(43, 15) <-> (44, 15) [8]
(43, 17) <-> (43, 18) [2]
(43, 18) <-> (43, 19) [4]
(43, 18) <-> (44, 18) [7]
(43, 20) <-> (43, 21) [5]
(43, 20) <-> (44, 20) [7]
(43, 21) <-> (44, 21) [6]
(43, 22) <-> (43, 23) [9]
(43, 22) <-> (44, 22) [10]
(43, 24) <-> (44, 24) [3]
(43, 25) <-> (43, 26) [9]
(43, 25) <-> (44, 25) [7]
(43, 26) <-> (44, 26) [8]
(43, 27) <-> (43, 28) [10]
(43, 28) <-> (43, 29) [9]
(43, 28) <-> (44, 28) [9]
(43, 29) <-> (44, 29) [5]
(43, 30) <-> (44, 30) [9]
(43, 31) <-> (44, 31) [3]
(43, 32) <-> (43, 33) [4]
(43, 32) <-> (44, 32) [8]
(43, 33) <-> (43, 34) [1]
(43, 33) <-> (44, 33) [1]
(43, 35) <-> (43, 36) [5]
(43, 35) <-> (44, 35) [7]
(43, 36) <-> (43, 37) [7]
(43, 36) <-> (44, 36) [7]
(43, 37) <-> (43, 38) [3]
(43, 37) <-> (44, 37) [6]
(43, 38) <-> (43, 39) [1]
(43, 39) <-> (44, 39) [9]
(43, 40) <-> (44, 40) [5]
(43, 41) <-> (44, 41) [3]
(43, 42) <-> (43, 43) [5]
(43, 43) <-> (44, 43) [10]
(43, 44) <-> (43, 45) [6]
(43, 44) <-> (44, 44) [8]
(43, 45) <-> (44, 45) [7]
(43, 46) <-> (43, 47) [3]
(43, 46) <-> (44, 46) [10]
(43, 47) <-> (43, 48) [1]
(43, 48) <-> (44, 48) [8]
(43, 49) <-> (44, 49) [2]
(44, 0) <-> (44, 1) [2]
(44, 0) <-> (45, 0) [5]
(44, 2) <-> (44, 3) [10]
(44, 2) <-> (45, 2) [3]
(44, 3) <-> (44, 4) [5]
(44, 4) <-> (44, 5) [6]
(44, 6) <-> (44, 7) [1]
(44, 7) <-> (44, 8) [9]
(44, 7) <-> (45, 7) [9]
(44, 8) <-> (45, 8) [9]
(44, 9) <-> (44, 10) [4]
(44, 10) <-> (44, 11) [1]
(44, 11) <-> (45, 11) [7]
(44, 12) <-> (44, 13) [7]
(44, 13) <-> (44, 14) [6]
(44, 14) <-> (45, 14) [5]
(44, 15) <-> (44, 16) [2]
(44, 16) <-> (45, 16) [6]
(44, 17) <-> (44, 18) [4]
(44, 17) <-> (45, 17) [6]
(44, 19) <-> (44, 20) [7]
(44, 19) <-> (45, 19) [7]
(44, 20) <-> (45, 20) [10]
(44, 21) <-> (44, 22) [10]
(44, 22) <-> (44, 23) [3]
(44, 23) <-> (44, 24) [7]
(44, 24) <-> (45, 24) [5]
(44, 25) <-> (45, 25) [7]
(44, 26) <-> (44, 27) [2]
(44, 27) <-> (44, 28) [8]
(44, 29) <-> (44, 30) [10]
(44, 31) <-> (44, 32) [1]
(44, 32) <-> (45, 32) [10]
(44, 33) <-> (44, 34) [1]
(44, 34) <-> (44, 35) [1]
(44, 35) <-> (44, 36) [10]
(44, 37) <-> (44, 38) [4]
(44, 37) <-> (45, 37) [2]
(44, 38) <-> (44, 39) [5]
(44, 39) <-> (45, 39) [2]
(44, 40) <-> (45, 40) [10]
(44, 41) <-> (44, 42) [5]
(44, 41) <-> (45, 41) [7]
(44, 42) <-> (44, 43) [7]
(44, 42) <-> (45, 42) [10]
(44, 43) <-> (44, 44) [8]
(44, 43) <-> (45, 43) [5]
(44, 45) <-> (44, 46) [4]
(44, 46) <-> (44, 47) [3]
(44, 47) <-> (45, 47) [7]
(44, 48) <-> (45, 48) [9]
(45, 0) <-> (46, 0) [9]
(45, 1) <-> (45, 2) [10]
(45, 1) <-> (46, 1) [5]
(45, 2) <-> (45, 3) [2]
(45, 3) <-> (45, 4) [9]
(45, 4) <-> (46, 4) [8]
(45, 5) <-> (45, 6) [8]
(45, 6) <-> (46, 6) [9]
(45, 7) <-> (46, 7) [3]
(45, 8) <-> (45, 9) [2]
(45, 9) <-> (45, 10) [1]
(45, 9) <-> (46, 9) [7]
(45, 10) <-> (45, 11) [9]
(45, 10) <-> (46, 10) [6]
(45, 11) <-> (46, 11) [1]
(45, 12) <-> (45, 13) [3]
(45, 12) <-> (46, 12) [6]
(45, 13) <-> (45, 14) [4]
(45, 13) <-> (46, 13) [9]
(45, 14) <-> (45, 15) [2]
(45, 15) <-> (46, 15) [7]
(45, 16) <-> (45, 17) [6]
(45, 16) <-> (46, 16) [2]
(45, 18) <-> (45, 19) [9]
(45, 18) <-> (46, 18) [3]
(45, 19) <-> (46, 19) [1]
(45, 20) <-> (45, 21) [9]
(45, 20) <-> (46, 20) [8]
(45, 22) <-> (45, 23) [10]
(45, 22) <-> (46, 22) [6]
(45, 23) <-> (45, 24) [6]
(45, 24) <-> (45, 25) [5]
(45, 26) <-> (45, 27) [3]
(45, 26) <-> (46, 26) [8]
(45, 27) <-> (45, 28) [10]
(45, 28) <-> (45, 29) [10]
(45, 29) <-> (45, 30) [9]
(45, 30) <-> (45, 31) [7]
(45, 31) <-> (46, 31) [5]
(45, 32) <-> (45, 33) [8]
(45, 33) <-> (45, 34) [2]
(45, 34) <-> (46, 34) [9]
(45, 35) <-> (46, 35) [3]
(45, 36) <-> (45, 37) [1]
(45, 36) <-> (46, 36) [9]
(45, 38) <-> (45, 39) [6]
(45, 38) <-> (46, 38) [5]
(45, 39) <-> (45, 40) [4]
(45, 39) <-> (46, 39) [6]
(45, 41) <-> (46, 41) [7]
(45, 42) <-> (45, 43) [6]
(45, 42) <-> (46, 42) [5]
(45, 44) <-> (45, 45) [6]
(45, 44) <-> (46, 44) [1]
(45, 45) <-> (45, 46) [8]
(45, 45) <-> (46, 45) [9]
(45, 46) <-> (45, 47) [3]
(45, 46) <-> (46, 46) [8]
(45, 48) <-> (45, 49) [6]
(45, 48) <-> (46, 48) [8]
(45, 49) <-> (46, 49) [2]
(46, 0) <-> (46, 1) [9]
(46, 1) <-> (47, 1) [6]
(46, 2) <-> (46, 3) [3]
(46, 2) <-> (47, 2) [9]
(46, 3) <-> (47, 3) [5]
(46, 4) <-> (47, 4) [6]
(46, 5) <-> (46, 6) [6]
(46, 5) <-> (47, 5) [3]
(46, 7) <-> (47, 7) [4]
(46, 8) <-> (46, 9) [9]
(46, 8) <-> (47, 8) [2]
(46, 9) <-> (46, 10) [6]
(46, 11) <-> (46, 12) [10]
(46, 11) <-> (47, 11) [8]
(46, 12) <-> (47, 12) [10]
(46, 13) <-> (46, 14) [6]
(46, 14) <-> (46, 15) [8]
(46, 16) <-> (46, 17) [10]
(46, 16) <-> (47, 16) [1]
(46, 17) <-> (47, 17) [8]
(46, 18) <-> (46, 19) [6]
(46, 18) <-> (47, 18) [2]
(46, 19) <-> (47, 19) [4]
(46, 20) <-> (46, 21) [3]
(46, 20) <-> (47, 20) [5]
(46, 21) <-> (47, 21) [7]
(46, 22) <-> (46, 23) [8]
(46, 23) <-> (46, 24) [3]
(46, 24) <-> (46, 25) [2]
(46, 24) <-> (47, 24) [8]
(46, 25) <-> (46, 26) [7]
(46, 25) <-> (47, 25) [7]
(46, 27) <-> (46, 28) [6]
(46, 27) <-> (47, 27) [4]
(46, 28) <-> (46, 29) [6]
(46, 29) <-> (47, 29) [3]
(46, 30) <-> (46, 31) [7]
(46, 30) <-> (47, 30) [8]
(46, 32) <-> (46, 33) [5]
(46, 32) <-> (47, 32) [8]
(46, 33) <-> (47, 33) [7]
(46, 34) <-> (46, 35) [10]
(46, 34) <-> (47, 34) [3]
(46, 35) <-> (47, 35) [1]
(46, 36) <-> (46, 37) [5]
(46, 37) <-> (47, 37) [2]
(46, 38) <-> (46, 39) [9]
(46, 39) <-> (46, 40) [8]
(46, 40) <-> (47, 40) [5]
(46, 41) <-> (46, 42) [6]
(46, 42) <-> (46, 43) [6]
(46, 43) <-> (46, 44) [6]
(46, 43) <-> (47, 43) [9]
(46, 45) <-> (47, 45) [4]
(46, 46) <-> (46, 47) [8]
(46, 46) <-> (47, 46) [5]
(46, 47) <-> (46, 48) [5]
(46, 49) <-> (47, 49) [4]
(47, 0) <-> (48, 0) [6]
(47, 1) <-> (47, 2) [5]
(47, 3) <-> (48, 3) [3]
(47, 4) <-> (47, 5) [1]
(47, 4) <-> (48, 4) [1]
(47, 5) <-> (47, 6) [4]
(47, 5) <-> (48, 5) [10]
(47, 6) <-> (47, 7) [6]
(47, 8) <-> (47, 9) [2]
(47, 8) <-> (48, 8) [5]
(47, 9) <-> (47, 10) [1]
(47, 9) <-> (48, 9) [8]
(47, 10) <-> (47, 11) [8]
(47, 12) <-> (47, 13) [7]
(47, 13) <-> (47, 14) [1]
(47, 13) <-> (48, 13) [3]
(47, 14) <-> (48, 14) [8]
(47, 15) <-> (47, 16) [1]
(47, 15) <-> (48, 15) [3]
(47, 17) <-> (47, 18) [4]
(47, 17) <-> (48, 17) [2]
(47, 19) <-> (47, 20) [6]
(47, 19) <-> (48, 19) [10]
(47, 20) <-> (47, 21) [6]
(47, 21) <-> (48, 21) [2]
(47, 22) <-> (47, 23) [10]
(47, 23) <-> (47, 24) [8]
(47, 23) <-> (48, 23) [4]
(47, 24) <-> (47, 25) [10]
(47, 25) <-> (47, 26) [1]
(47, 26) <-> (48, 26) [9]
(47, 27) <-> (47, 28) [10]
(47, 28) <-> (48, 28) [1]
(47, 29) <-> (47, 30) [5]
(47, 30) <-> (47, 31) [6]
(47, 30) <-> (48, 30) [7]
(47, 31) <-> (47, 32) [8]
(47, 31) <-> (48, 31) [8]
(47, 33) <-> (48, 33) [8]
(47, 34) <-> (48, 34) [8]
(47, 35) <-> (47, 36) [1]
(47, 35) <-> (48, 35) [3]
(47, 37) <-> (47, 38) [1]
(47, 37) <-> (48, 37) [8]
(47, 38) <-> (47, 39) [1]
(47, 39) <-> (48, 39) [8]
(47, 40) <-> (47, 41) [4]
(47, 40) <-> (48, 40) [9]
(47, 41) <-> (47, 42) [4]
(47, 41) <-> (48, 41) [6]
(47, 42) <-> (47, 43) [7]
(47, 42) <-> (48, 42) [3]
(47, 43) <-> (47, 44) [10]
(47, 44) <-> (48, 44) [1]
(47, 45) <-> (47, 46) [7]
(47, 47) <-> (47, 48) [7]
(47, 47) <-> (48, 47) [1]
(47, 48) <-> (47, 49) [1]
(47, 49) <-> (48, 49) [4]
(48, 0) <-> (48, 1) [4]
(48, 0) <-> (49, 0) [4]
(48, 1) <-> (48, 2) [5]
(48, 1) <-> (49, 1) [4]
(48, 3) <-> (49, 3) [1]
(48, 4) <-> (49, 4) [7]
(48, 5) <-> (48, 6) [4]
(48, 6) <-> (48, 7) [4]
(48, 7) <-> (48, 8) [7]
(48, 9) <-> (49, 9) [5]
(48, 10) <-> (48, 11) [1]
(48, 11) <-> (48, 12) [3]
(48, 11) <-> (49, 11) [1]
(48, 12) <-> (48, 13) [7]
(48, 13) <-> (48, 14) [5]
(48, 15) <-> (48, 16) [2]
(48, 15) <-> (49, 15) [4]
(48, 16) <-> (48, 17) [1]
(48, 17) <-> (48, 18) [6]
(48, 17) <-> (49, 17) [7]
(48, 18) <-> (48, 19) [7]
(48, 19) <-> (48, 20) [3]
(48, 19) <-> (49, 19) [1]
(48, 20) <-> (49, 20) [8]
(48, 21) <-> (48, 22) [7]
(48, 22) <-> (49, 22) [9]
(48, 23) <-> (48, 24) [2]
(48, 24) <-> (48, 25) [4]
(48, 24) <-> (49, 24) [1]
(48, 25) <-> (48, 26) [7]
(48, 26) <-> (49, 26) [2]
(48, 27) <-> (48, 28) [7]
(48, 27) <-> (49, 27) [2]
(48, 29) <-> (48, 30) [3]
(48, 30) <-> (48, 31) [6]
(48, 31) <-> (48, 32) [4]
(48, 32) <-> (48, 33) [1]
(48, 32) <-> (49, 32) [9]
(48, 33) <-> (48, 34) [3]
(48, 34) <-> (48, 35) [7]
(48, 35) <-> (48, 36) [5]
(48, 35) <-> (49, 35) [6]
(48, 36) <-> (48, 37) [1]
(48, 36) <-> (49, 36) [10]
(48, 37) <-> (48, 38) [6]
(48, 38) <-> (48, 39) [10]
(48, 39) <-> (49, 39) [3]
(48, 40) <-> (49, 40) [6]
(48, 41) <-> (48, 42) [8]
(48, 41) <-> (49, 41) [9]
(48, 42) <-> (48, 43) [9]
(48, 43) <-> (49, 43) [10]
(48, 44) <-> (49, 44) [9]
(48, 45) <-> (48, 46) [9]
(48, 45) <-> (49, 45) [4]
(48, 46) <-> (48, 47) [3]
(48, 48) <-> (49, 48) [5]
(48, 49) <-> (49, 49) [7]
(49, 1) <-> (49, 2) [7]
(49, 2) <-> (49, 3) [4]
(49, 3) <-> (49, 4) [2]
(49, 4) <-> (49, 5) [3]
(49, 5) <-> (49, 6) [8]
(49, 6) <-> (49, 7) [3]
(49, 7) <-> (49, 8) [8]
(49, 8) <-> (49, 9) [1]
(49, 9) <-> (49, 10) [9]
(49, 10) <-> (49, 11) [4]
(49, 12) <-> (49, 13) [6]
(49, 13) <-> (49, 14) [7]
(49, 14) <-> (49, 15) [10]
(49, 15) <-> (49, 16) [1]
(49, 16) <-> (49, 17) [2]
(49, 17) <-> (49, 18) [6]
(49, 18) <-> (49, 19) [1]
(49, 19) <-> (49, 20) [9]
(49, 21) <-> (49, 22) [1]
(49, 22) <-> (49, 23) [5]
(49, 23) <-> (49, 24) [1]
(49, 24) <-> (49, 25) [3]
(49, 25) <-> (49, 26) [10]
(49, 26) <-> (49, 27) [8]
(49, 27) <-> (49, 28) [5]
(49, 28) <-> (49, 29) [3]
(49, 29) <-> (49, 30) [2]
(49, 30) <-> (49, 31) [6]
(49, 31) <-> (49, 32) [6]
(49, 32) <-> (49, 33) [8]
(49, 33) <-> (49, 34) [3]
(49, 34) <-> (49, 35) [9]
(49, 35) <-> (49, 36) [6]
(49, 36) <-> (49, 37) [9]
(49, 37) <-> (49, 38) [5]
(49, 39) <-> (49, 40) [2]
(49, 40) <-> (49, 41) [8]
(49, 42) <-> (49, 43) [1]
(49, 43) <-> (49, 44) [4]
(49, 44) <-> (49, 45) [9]
(49, 46) <-> (49, 47) [10]
(49, 47) <-> (49, 48) [4]
(49, 48) <-> (49, 49) [1]
